Feature	Gain	Cover	Frequency	pos
cliente_antiguedad_delta1/ctrx_quarter	0.0619541985530379	0.00207894424194303	0.00184049079754601	1
cpayroll_trx_+_ctrx_quarter	0.0594508621754652	0.00391634867743864	0.00184049079754601	2
ctrx_quarter/ccomisiones_mantenimiento	0.0418987858017969	0.00465929632057634	0.00245398773006135	3
mtarjeta_master_consumo/cpayroll_trx	0.0398339375026559	0.0134751719661962	0.00674846625766871	4
mtarjeta_visa_consumo	0.0321784346675271	0.0162057500220102	0.0122699386503067	5
cliente_edad/ctrx_quarter	0.0321384756234076	0.00173267172809295	0.000613496932515337	6
ccomisiones_mantenimiento/cpayroll_trx	0.0251170659174238	0.0268318650571432	0.0122699386503067	7
cliente_edad_lag2/ctrx_quarter	0.0216571757007186	0.00513353911128407	0.0049079754601227	8
mprestamos_personales_delta2/cpayroll_trx	0.0200186961996047	0.00772632819892145	0.00368098159509202	9
mtarjeta_visa_consumo_lag1/ccomisiones_mantenimiento	0.0154054820855161	0.00541664471098191	0.00429447852760736	10
mpasivos_margen/kmes	0.0151408767022877	0.00325849635906561	0.00368098159509202	11
kmes_+_ctrx_quarter	0.0142074125100555	0.00341494084074835	0.00245398773006135	12
ccomisiones_mantenimiento_lag2/cpayroll_trx	0.0136440398458835	0.00645709870108533	0.0049079754601227	13
mcaja_ahorro_lag2/cliente_edad	0.013420383011398	0.00411043147584422	0.00245398773006135	14
ccomisiones_mantenimiento_delta2/ctrx_quarter	0.0132172665891221	0.00859331864238919	0.00552147239263804	15
mtarjeta_visa_consumo/ctarjeta_visa_transacciones_lag2	0.0129533366310222	0.00650226468115273	0.00858895705521472	16
kmes/ctrx_quarter	0.0127672383437019	0.00274072403684366	0.00184049079754601	17
mcaja_ahorro/cliente_antiguedad	0.0122609471002692	0.00202330499113536	0.00122699386503067	18
mcaja_ahorro/Master_fechaalta_lag1	0.00870724829312269	0.00345061541920739	0.00429447852760736	19
cliente_edad_-_ctrx_quarter	0.0085099979315417	0.00724815793168613	0.00368098159509202	20
mcaja_ahorro_lag2/ccomisiones_mantenimiento_delta2	0.0084382313098225	0.000438568212248687	0.00122699386503067	21
mprestamos_personales_delta2/ctarjeta_visa_transacciones_lag1	0.00761552147378506	0.000474242790707721	0.00122699386503067	22
mprestamos_personales	0.00693212199969265	0.00853375191505392	0.0049079754601227	23
Master_mpagominimo/kmes	0.00684457147091934	0.0179227118439928	0.00797546012269939	24
canarito129	0.00680230952077902	0.0183524432340544	0.0110429447852761	25
mprestamos_personales/cliente_edad	0.00630844162818922	0.00462034884501098	0.00306748466257669	26
ccallcenter_transacciones_delta2/cproductos	0.00617973270696474	0.0164312526326366	0.00613496932515337	27
mactivos_margen/ctrx_quarter_delta2	0.00610407761474128	0.00361327840539216	0.00552147239263804	28
canarito62	0.00610193684428783	0.00843196481504695	0.00797546012269939	29
Visa_mpagominimo_lag2/cliente_antiguedad_lag1	0.00575340471434435	0.0122213250847599	0.00797546012269939	30
Master_fechaalta	0.0056407955418956	0.00784906184040896	0.00552147239263804	31
mrentabilidad_annual_lag2/cdescubierto_preacordado_lag2	0.00562351115604611	0.00117006071551422	0.00245398773006135	32
mprestamos_personales_lag2/ccomisiones_mantenimiento	0.00561196767870947	0.00221051470561763	0.00245398773006135	33
chomebanking_transacciones_delta1/ctrx_quarter	0.00519990208207211	0.00747267867318061	0.0049079754601227	34
cdescubierto_preacordado_lag1/cliente_edad	0.00499449783479588	0.0050749542530807	0.00613496932515337	35
chomebanking_transacciones_delta2/cproductos	0.00492895351408825	0.0149172104312467	0.00736196319018405	36
mprestamos_personales_lag1/Visa_fechaalta_lag2	0.00486161148389521	0.00276690721369433	0.00245398773006135	37
mpasivos_margen_lag2	0.00463777209557367	0.00171434350429748	0.00122699386503067	38
canarito58	0.00462862799900017	0.00868888723789413	0.00736196319018405	39
ctarjeta_visa_transacciones_lag1/ctrx_quarter	0.00430910177209847	0.00487858042670069	0.00429447852760736	40
mcomisiones_lag1/Visa_fechaalta_lag1	0.00419302103094194	0.00270930422462286	0.00429447852760736	41
cproductos_lag1/cproductos	0.00414440902531878	0.0138613738247436	0.0049079754601227	42
ccomisiones_mantenimiento/ctrx_quarter	0.00400037008905679	0.00686915644677271	0.0049079754601227	43
mcaja_ahorro_lag1	0.00385443204922474	0.000233030273970944	0.000613496932515337	44
mcuenta_corriente_lag1/Visa_status_delta2	0.00371803021935344	0.00497087612509929	0.0049079754601227	45
canarito92	0.00353662461575394	0.00647019028951066	0.00552147239263804	46
mrentabilidad_annual/ccomisiones_mantenimiento	0.00352823097639939	0.00134025136504356	0.00245398773006135	47
Visa_mpagominimo	0.00345686704401701	0.0137500953231282	0.0110429447852761	48
canarito91	0.00334357778335828	0.0050582624778384	0.00613496932515337	49
canarito17	0.00333341934523765	0.00350952756712139	0.00552147239263804	50
mcaja_ahorro_lag2/cliente_antiguedad	0.00320342601815268	0.00224618928407667	0.00184049079754601	51
canarito69	0.00317073521251902	0.00392813110702144	0.0049079754601227	52
mcuentas_saldo_lag1/ctrx_quarter	0.00311102394623449	0.00388361970637531	0.00306748466257669	53
mrentabilidad_annual/cliente_edad	0.00300159161037678	0.00242718049405691	0.00184049079754601	54
canarito118	0.00299932376670496	0.00354978420152929	0.0049079754601227	55
canarito97	0.0029934435338499	0.0141467704524158	0.00613496932515337	56
Master_fechaalta_lag2/ctrx_quarter	0.00298147126717911	0.00256169656512722	0.00368098159509202	57
mrentabilidad_annual_delta2/ccomisiones_mantenimiento_lag1	0.00297131154140283	0.00190744443357115	0.00306748466257669	58
canarito44	0.00296826227469735	0.00614420973771984	0.0049079754601227	59
canarito41	0.0029265861710913	0.00467402435755485	0.0049079754601227	60
cliente_edad_lag2/cproductos	0.00284443772683837	0.00616744730717481	0.00552147239263804	61
chomebanking_transacciones_delta2/cpayroll_trx	0.00276989795175938	0.00596976432195227	0.00429447852760736	62
mcuentas_saldo_lag2/chomebanking_transacciones_delta1	0.00276407900518195	0.00684624616702838	0.00613496932515337	63
canarito134	0.00271112477328024	0.00331544476871582	0.0049079754601227	64
mcuenta_corriente_lag2/ctrx_quarter	0.00270169690192647	0.00455620006172684	0.00306748466257669	65
ctarjeta_visa_transacciones	0.00263111211328082	0.00491523687429162	0.00429447852760736	66
cdescubierto_preacordado	0.00261091354806777	0.00734929045227183	0.00368098159509202	67
mactivos_margen_delta1/ccomisiones_mantenimiento_delta2	0.00253938726852677	0.00261929955419869	0.00429447852760736	68
canarito175	0.00250562295050264	0.00537835181483781	0.00368098159509202	69
mrentabilidad_annual_lag1/kmes	0.00250283423172204	0.00130392220716326	0.00245398773006135	70
mcaja_ahorro_lag2	0.00246717159040981	0.000321398495841948	0.000613496932515337	71
mrentabilidad_annual_lag2/Master_fechaalta_lag1	0.00244215531060552	0.00242848965289944	0.00368098159509202	72
mrentabilidad_annual_lag1	0.00239543945765093	0.00108267436277512	0.00184049079754601	73
cpayroll_trx_+_cproductos	0.00239460593974836	0.00361982419960483	0.00184049079754601	74
canarito146	0.00238887475615888	0.0137893700884042	0.0177914110429448	75
canarito156	0.00235451127350466	0.00329842570376288	0.00429447852760736	76
mrentabilidad_annual_delta1/cproductos_lag1	0.00231932755425353	0.00413596007327362	0.00368098159509202	77
mcaja_ahorro_lag2/ctrx_quarter	0.00228711094927689	0.00264515544133872	0.00306748466257669	78
mrentabilidad_annual_delta2/chomebanking_transacciones_delta1	0.00226571316582268	0.00320743916420681	0.00429447852760736	79
canarito23	0.00223719599555176	0.00404562811313882	0.0049079754601227	80
mcuentas_saldo_delta2/cproductos_lag2	0.00218826753322139	0.00332755448800925	0.00184049079754601	81
mcuentas_saldo/kmes	0.00217903124050277	0.00378903298000227	0.00245398773006135	82
mcuenta_corriente_lag2/Visa_fechaalta_delta2	0.00216164430820935	0.000255613264004645	0.000613496932515337	83
ccomisiones_mantenimiento_lag2/cliente_edad	0.00214786595118573	0.000942921656334676	0.00122699386503067	84
ctrx_quarter_delta2/cliente_antiguedad	0.00211189827037979	0.000679453439274831	0.00122699386503067	85
mcaja_ahorro_lag2/chomebanking_transacciones_lag2	0.00206797223991065	0.00190678985414989	0.00306748466257669	86
canarito147	0.00206285883665846	0.00207763508310049	0.00368098159509202	87
mactivos_margen_lag1/chomebanking_transacciones_delta2	0.00203174020952979	0.00156608126538057	0.00245398773006135	88
canarito1	0.00200020516682468	0.00374190326167107	0.00429447852760736	89
canarito67	0.00199322050557998	0.00443150268197553	0.00429447852760736	90
mcomisiones_lag1/cproductos	0.00196274401393293	0.00184755041652525	0.00245398773006135	91
mtarjeta_visa_consumo_delta2/ctrx_quarter	0.00195863657391356	0.00485436098811382	0.00552147239263804	92
mpayroll_sobre_edad/ccomisiones_mantenimiento_lag1	0.00193865669840508	0.00562054620070649	0.00368098159509202	93
mrentabilidad_lag1/ctrx_quarter	0.00193153631782288	0.00131963211327366	0.00306748466257669	94
mtarjeta_visa_consumo_delta2/cproductos	0.0019139404139004	0.00755810128765591	0.00674846625766871	95
mprestamos_personales/cproductos	0.00191137874298161	0.00784218875648566	0.00306748466257669	96
cproductos_delta1/ctrx_quarter	0.0018805843966012	0.00264417357220682	0.00122699386503067	97
canarito56	0.00184078266062845	0.00319860234201971	0.00674846625766871	98
canarito111	0.00183580216096314	0.00222033339693663	0.00368098159509202	99
canarito125	0.00182509909661853	0.00467075146044851	0.0049079754601227	100
canarito101	0.00179849536732632	0.00326438757385701	0.00368098159509202	101
canarito116	0.0017469411666315	0.00470904435659261	0.00306748466257669	102
canarito45	0.00172618896467071	0.00250933021142588	0.00368098159509202	103
mprestamos_personales/cpayroll_trx_delta2	0.00172070333082623	0.000430713259193486	0.000613496932515337	104
canarito135	0.00171541069816982	0.00120082594831375	0.00245398773006135	105
canarito60	0.00171274832906774	0.00143451080170596	0.00306748466257669	106
canarito65	0.00171210962733455	0.00434837109547466	0.00368098159509202	107
canarito11	0.00170855879422347	0.00205439751364553	0.00368098159509202	108
canarito54	0.00170509522737584	0.00171008873805924	0.00368098159509202	109
canarito18	0.00168347046088757	0.00189271639659265	0.00368098159509202	110
canarito167	0.00168226435675448	0.0036568079369064	0.00306748466257669	111
canarito61	0.00165998985148453	0.00353800177194649	0.00306748466257669	112
mcuentas_saldo_lag1/chomebanking_transacciones_lag1	0.00165240651620252	0.00319238383751768	0.00184049079754601	113
mactivos_margen/cliente_antiguedad_lag1	0.0016398502792957	0.000828370257613004	0.00184049079754601	114
Visa_fechaalta_delta1/cliente_antiguedad	0.00163805852484253	0.000937685020964542	0.00184049079754601	115
Visa_mpagominimo/cliente_edad	0.00162863947082076	0.00402402699223702	0.00736196319018405	116
Visa_mpagominimo/cpayroll_trx	0.0016147258970593	0.00277868964327713	0.00613496932515337	117
canarito157	0.00160923337186498	0.00175198182102031	0.00306748466257669	118
mcomisiones_delta2/kmes	0.00159743178701752	0.0021856406876095	0.00306748466257669	119
Visa_status	0.00159293649527138	0.000623486898756528	0.000613496932515337	120
canarito22	0.00157885390813761	0.00197159321685529	0.00245398773006135	121
canarito87	0.0015676821340676	0.0022543715268425	0.00306748466257669	122
chomebanking_transacciones_lag1/cliente_edad	0.00155436049011084	0.00123159118111329	0.00184049079754601	123
canarito112	0.00155387853899309	0.00530340247110277	0.00306748466257669	124
canarito5	0.00154981889181455	0.00169012406571061	0.00184049079754601	125
ctrx_quarter_-_cliente_edad	0.00151339428036245	0.00550992227851242	0.00306748466257669	126
canarito98	0.00150160423220071	0.0013965451952725	0.00245398773006135	127
Visa_mpagominimo_delta2/cpayroll_trx	0.0014965471209617	0.00337304775778729	0.00306748466257669	128
cproductos_-_cpayroll_trx	0.00148793539889344	0.00317798309024981	0.00306748466257669	129
canarito114	0.00148773038937835	0.00394809577937008	0.00306748466257669	130
ctrx_quarter_delta1/cliente_antiguedad	0.00148706288401442	0.00610460768273321	0.00368098159509202	131
mprestamos_personales_delta1/ctrx_quarter	0.00147388318876473	0.00593736264059957	0.00245398773006135	132
canarito52	0.00145741040614484	0.00242358030723994	0.00306748466257669	133
mrentabilidad_annual_delta2/cproductos	0.0014461382071969	0.00127544800233816	0.00184049079754601	134
Master_mpagominimo/cpayroll_trx	0.00143346122497951	0.00147476743611387	0.00122699386503067	135
mpayroll_sobre_edad/chomebanking_transacciones_lag1	0.00142797062450437	0.00438764586075067	0.00245398773006135	136
mpasivos_margen_lag2/ctrx_quarter	0.00142578737363643	0.00177129191394768	0.00306748466257669	137
mrentabilidad_delta1/ccomisiones_mantenimiento	0.00141420927675767	0.00146462145508423	0.00245398773006135	138
cproductos_delta2/cproductos	0.00138835773764983	0.00305983150471117	0.00122699386503067	139
canarito15	0.00138772146406731	0.00131635921616733	0.00245398773006135	140
kmes_lag2/cliente_antiguedad	0.00138756000431117	0.00229004610530154	0.00245398773006135	141
mrentabilidad_annual_delta2/ccomisiones_mantenimiento	0.0013772252309457	0.00088466408784194	0.00184049079754601	142
canarito20	0.00137051349138358	0.00504026154375356	0.00368098159509202	143
mpasivos_margen_delta2/kmes_delta2	0.00135255764829363	0.00107514669943055	0.00184049079754601	144
canarito6	0.00134028773695163	0.00225175320915744	0.00245398773006135	145
mrentabilidad_lag1/chomebanking_transacciones_delta1	0.00133486424935481	0.00173954481201625	0.00368098159509202	146
ctrx_quarter_lag1/ctrx_quarter	0.00131211927609632	0.00181580331459382	0.00306748466257669	147
ctrx_quarter	0.00130806745985698	0.000594030824799527	0.00122699386503067	148
canarito85	0.00130161046073943	0.000642142412262629	0.00184049079754601	149
canarito9	0.0012995477835358	0.00133468743996279	0.00245398773006135	150
canarito108	0.00129675634228323	0.00154415285476814	0.00184049079754601	151
canarito158	0.00129084767063321	0.00453918099677391	0.00245398773006135	152
mactivos_margen_lag1/kmes	0.00126721396510411	0.00043300428716792	0.000613496932515337	153
canarito121	0.00126573596941297	0.00167212313162578	0.00245398773006135	154
mrentabilidad_annual_lag2	0.00126389004757845	0.00151993341618127	0.00122699386503067	155
Visa_mpagominimo_lag1/cliente_edad	0.00125924161065271	0.00131865024414176	0.00184049079754601	156
mprestamos_personales_lag2/cliente_edad	0.00125471242290429	0.00445834043824747	0.00184049079754601	157
canarito149	0.00124617869350782	0.00244289040016731	0.00368098159509202	158
mcaja_ahorro/Master_fechaalta_delta2	0.00123680982233051	0.00243405357798021	0.00368098159509202	159
ctrx_quarter_delta2	0.00121367613699968	0.000240885227026144	0.000613496932515337	160
mprestamos_personales_lag1	0.00120259170277345	0.00128428482452526	0.00122699386503067	161
canarito173	0.00118896769274139	0.00400700792728408	0.00245398773006135	162
mcuentas_saldo_lag2/ctrx_quarter_delta1	0.00115502275955029	0.000573411573029626	0.00122699386503067	163
cliente_antiguedad_lag2/cliente_edad	0.00115412743379746	0.00246841899759671	0.00245398773006135	164
cproductos_delta1	0.00114894850764603	0.00173267172809295	0.000613496932515337	165
canarito29	0.00114086541480803	0.00299404627287387	0.00184049079754601	166
Visa_mpagominimo_delta2/cliente_antiguedad_lag1	0.00112609651413144	0.00163481210461357	0.00245398773006135	167
mcuentas_saldo	0.00112245377840527	0.00267690254327015	0.00122699386503067	168
Master_mpagominimo_delta2/cpayroll_trx	0.00111484883503498	0.00125515604027889	0.000613496932515337	169
canarito88	0.00108892589848675	0.00123944613416849	0.00184049079754601	170
mrentabilidad	0.00108767032384962	0.00043300428716792	0.000613496932515337	171
ccomisiones_mantenimiento_-_cliente_edad	0.00107644589079489	0.00223244311623007	0.00122699386503067	172
mtarjeta_visa_consumo_lag1/cdescubierto_preacordado_lag2	0.00107621871767833	0.00164004873998371	0.00306748466257669	173
mpayroll_sobre_edad	0.00106652381873247	0.00181547602488318	0.00184049079754601	174
canarito24	0.00105753600523278	0.00232997544999881	0.00245398773006135	175
mprestamos_personales_delta2	0.00105642309057917	0.00454343576301214	0.00184049079754601	176
mprestamos_personales_delta1/cproductos	0.00105054110405974	0.00443150268197553	0.00184049079754601	177
mrentabilidad_annual	0.00104626952102327	0.000688290261461931	0.00122699386503067	178
mrentabilidad_annual_lag2/cliente_antiguedad	0.00104205847926366	0.00135857958883903	0.00245398773006135	179
canarito166	0.00103689965549105	0.000418603539900052	0.00122699386503067	180
canarito34	0.00103565234637691	0.00117791566856942	0.00245398773006135	181
canarito68	0.00103001638793189	0.00102867156052061	0.00184049079754601	182
mcuenta_corriente/cliente_antiguedad	0.00102702277247761	0.000917393058905275	0.00122699386503067	183
canarito164	0.00102266667630811	0.00102965342965251	0.00245398773006135	184
mrentabilidad_annual_delta2/ctrx_quarter_lag2	0.00102139037041488	0.0022406253589959	0.00184049079754601	185
chomebanking_transacciones_lag1/kmes	0.00101272457046974	0.000639851384288196	0.00184049079754601	186
cliente_antiguedad/cproductos	0.00100917292184341	0.000880082031893073	0.00184049079754601	187
canarito30	0.00100568187887671	0.0014819678097478	0.00245398773006135	188
Visa_fechaalta_lag1	0.000999853520149596	0.00107580127885182	0.00245398773006135	189
mactivos_margen_lag1/cpayroll_trx	0.000987256216224825	0.00145120257694827	0.00306748466257669	190
canarito115	0.000983817485802166	0.000718400914840199	0.00184049079754601	191
chomebanking_transacciones	0.000980045635794909	0.00138509005540033	0.00184049079754601	192
canarito174	0.000979174211762442	0.000393402232181284	0.00122699386503067	193
mpasivos_margen_delta2/ctrx_quarter	0.00096654216259583	0.00134450613128179	0.00184049079754601	194
mcomisiones_delta2/ctrx_quarter	0.000965024053365091	0.00248641993168155	0.00245398773006135	195
canarito19	0.000958729241375829	0.000982851001031944	0.00245398773006135	196
chomebanking_transacciones_lag1/cliente_antiguedad	0.000955737051540318	0.000636251197471229	0.00184049079754601	197
Visa_mpagominimo/cliente_antiguedad_delta1	0.000953595512170845	0.00603456768465767	0.00613496932515337	198
Visa_mpagominimo/cliente_edad_delta1	0.000937164004434974	0.000961577169840777	0.00122699386503067	199
mactivos_margen_lag2/cliente_edad_delta2	0.000930530836394771	0.000890882592343974	0.00184049079754601	200
mactivos_margen_delta2/Visa_status_lag2	0.000919482873482141	0.000823133622242871	0.00122699386503067	201
chomebanking_transacciones_delta2	0.000916211148932491	0.00297342702110397	0.00184049079754601	202
mpasivos_margen_lag2/ccomisiones_mantenimiento	0.000914845841506513	0.00113373155763392	0.000613496932515337	203
canarito42	0.000912915829625829	0.000932775675305042	0.00184049079754601	204
mcomisiones/ccomisiones_mantenimiento	0.000911819335647714	0.00108856557756652	0.00122699386503067	205
ctarjeta_visa_transacciones_delta2/cliente_antiguedad	0.000890162046656539	0.00265857431947469	0.00184049079754601	206
mrentabilidad_lag1/ccomisiones_mantenimiento_lag1	0.000887109444309735	0.000902337732216141	0.00122699386503067	207
canarito28	0.000878367660417376	0.000704000167572332	0.00184049079754601	208
Master_mpagominimo_lag2/cliente_edad	0.000875079527455625	0.00298226384329107	0.00122699386503067	209
mcuentas_saldo_delta2/cdescubierto_preacordado_lag2	0.000862594994573882	0.00555410638944792	0.00245398773006135	210
cliente_antiguedad/cliente_edad	0.000856705466071313	0.00132977809430329	0.00122699386503067	211
mactivos_margen_delta2/cpayroll_trx_lag1	0.000850730179701915	0.000596976432195227	0.00122699386503067	212
mactivos_margen_lag1	0.000842167073361351	0.000565556619974426	0.00122699386503067	213
canarito163	0.000839772524372773	0.00394089540573615	0.00245398773006135	214
mpayroll_sobre_edad_delta1/ccallcenter_transacciones_lag2	0.000832630180495196	0.00180696649240672	0.00122699386503067	215
ctrx_quarter/kmes	0.000831600934357777	0.00449630604468094	0.00429447852760736	216
chomebanking_transacciones_delta1/ccomisiones_mantenimiento	0.000829186498729946	0.000655234000687963	0.00122699386503067	217
mcomisiones_lag2/cliente_antiguedad_lag1	0.000824933580568823	0.000867972312599639	0.00184049079754601	218
canarito145	0.000816457912179138	0.000478824846656588	0.00122699386503067	219
mcaja_ahorro/ctrx_quarter	0.000808323963074338	0.000869608761152806	0.00184049079754601	220
mcaja_ahorro_lag2/ctrx_quarter_lag2	0.000807582702633825	0.000236303171077277	0.000613496932515337	221
mtarjeta_visa_consumo_delta2/cliente_edad	0.000797283615725172	0.000423512885559552	0.000613496932515337	222
canarito160	0.000796720088555638	0.000614977366280061	0.00122699386503067	223
canarito84	0.000792839977366003	0.00117595193030562	0.00122699386503067	224
canarito46	0.000787073622324672	0.00128297566568272	0.00245398773006135	225
ccomisiones_mantenimiento_delta1/cpayroll_trx	0.000779636748676231	0.000515481294247523	0.000613496932515337	226
canarito37	0.00077873499728717	0.000795313996839036	0.00184049079754601	227
canarito133	0.000768737601967516	0.0015772091155421	0.00184049079754601	228
Master_fechaalta_lag2	0.000767898136322145	0.00021699307814991	0.000613496932515337	229
mcuenta_corriente/Visa_status_lag1	0.000766583721953131	0.00337173859894475	0.00122699386503067	230
canarito120	0.000764518944644439	0.00170419752326784	0.00245398773006135	231
mrentabilidad_delta2/ccomisiones_mantenimiento_lag1	0.000760571032252711	0.000527263723830324	0.00122699386503067	232
mprestamos_personales_lag2	0.000756962040027736	0.000686981102619398	0.000613496932515337	233
mprestamos_personales_lag1/ctarjeta_visa_transacciones_lag1	0.000755355732516111	0.00161484743226494	0.00122699386503067	234
mrentabilidad_lag2/kmes	0.000751436378487372	0.000636251197471229	0.00122699386503067	235
Visa_mpagominimo_delta2	0.000748006785381747	0.00113373155763392	0.00245398773006135	236
ccomisiones_mantenimiento_delta2/cliente_edad	0.00073717457421277	0.000480461295209755	0.000613496932515337	237
canarito40	0.000735592529812759	0.000902337732216141	0.00184049079754601	238
canarito159	0.000725783751520243	0.00102638053254618	0.00184049079754601	239
canarito100	0.00072484570050501	0.000911501844113875	0.00122699386503067	240
chomebanking_transacciones_delta1/cpayroll_trx	0.000724748534622219	0.00037834690549215	0.00122699386503067	241
mrentabilidad_lag1/Visa_fechaalta_delta2	0.000723178689226646	0.00110951211904705	0.00184049079754601	242
canarito3	0.000716260854244752	0.000881063901024973	0.00184049079754601	243
chomebanking_transacciones_delta2/kmes	0.000714158060435678	0.000343326906454382	0.000613496932515337	244
canarito165	0.000714034813394117	0.000752766334456701	0.00184049079754601	245
mcuenta_corriente_delta2/ccomisiones_mantenimiento_lag2	0.000710137778730119	0.00021601120901801	0.000613496932515337	246
Visa_mpagominimo_lag1/ctrx_quarter	0.000707874398931246	0.000575375311293426	0.00184049079754601	247
mtarjeta_visa_consumo_lag1	0.00070485978855805	0.000858153621280639	0.00122699386503067	248
mrentabilidad_lag1/ccallcenter_transacciones_lag1	0.000700806664099976	0.00209203583036836	0.00184049079754601	249
canarito131	0.000700687023895797	0.00229626460980357	0.00184049079754601	250
kmes_delta2/ctrx_quarter	0.000694105225540297	0.000556719797787325	0.00122699386503067	251
cproductos	0.000690583022951039	0.00043987737109122	0.000613496932515337	252
canarito89	0.000688083499367858	0.000415657932504352	0.00122699386503067	253
canarito21	0.00068359429026178	0.00170910686892734	0.00122699386503067	254
kmes_delta2/cproductos	0.00068287335025389	0.000473915500997088	0.00122699386503067	255
mrentabilidad/ctrx_quarter	0.000680384692031786	0.00130719510426959	0.00122699386503067	256
canarito90	0.000680231841173475	0.000788768202626369	0.00122699386503067	257
canarito14	0.00067839378630186	0.000766185212592668	0.00184049079754601	258
mcuentas_saldo/ctarjeta_visa_transacciones_delta1	0.000676022286349562	0.000740656615163267	0.00122699386503067	259
Visa_mpagominimo/ctrx_quarter	0.000670465760014198	0.0013935995878768	0.00184049079754601	260
canarito79	0.000667792646034285	0.000469333445048221	0.00122699386503067	261
ctrx_quarter_+_cliente_antiguedad	0.000666241278497405	0.000275577936353279	0.000613496932515337	262
chomebanking_transacciones_lag1/ccomisiones_mantenimiento	0.000654037417758967	0.000888918854080174	0.00122699386503067	263
canarito71	0.000640212557971013	0.000513844845694357	0.00122699386503067	264
canarito33	0.000628869292694125	0.000701709139597898	0.00122699386503067	265
Visa_fechaalta_lag2/cproductos	0.000626440160953587	0.000307652327995347	0.000613496932515337	266
kmes/cliente_edad	0.000618274277988466	0.000512535686851823	0.00122699386503067	267
mactivos_margen_delta1	0.000617984555465394	0.000309288776548514	0.000613496932515337	268
chomebanking_transacciones_lag1	0.000615728926127244	0.000209465414805343	0.000613496932515337	269
mpasivos_margen/ctrx_quarter	0.000611390556683972	0.000489625407107489	0.00122699386503067	270
canarito36	0.000608286987699882	0.000421549147295752	0.00122699386503067	271
Visa_mpagominimo_delta1/cliente_edad	0.000604458112942052	0.00346534345618589	0.00122699386503067	272
mcaja_ahorro_lag2/ccallcenter_transacciones_delta1	0.000598525398921388	0.00358644064912023	0.00245398773006135	273
mrentabilidad_annual_delta1	0.000598080011092638	0.00207567134483669	0.00184049079754601	274
mrentabilidad_annual/kmes	0.000596151458555033	0.000496825780741423	0.000613496932515337	275
canarito143	0.00059505923223567	0.00426458492955253	0.00245398773006135	276
mpayroll_sobre_edad_lag1/chomebanking_transacciones_lag2	0.000591949776825715	0.000449041482988954	0.00122699386503067	277
canarito76	0.000589263028109846	0.000523336247302724	0.00122699386503067	278
Master_fechaalta_delta2/cproductos	0.000588470249179621	0.00112227641776175	0.00122699386503067	279
mrentabilidad_annual/ctarjeta_visa_transacciones_lag2	0.000581297798686419	0.000207501676541543	0.000613496932515337	280
cliente_edad_-_cliente_antiguedad	0.00057936251354923	0.000418930829610686	0.00122699386503067	281
canarito93	0.000569775377585634	0.00119231641583729	0.00184049079754601	282
canarito48	0.000567878194792538	0.000864044836072039	0.00122699386503067	283
canarito31	0.000563799612944134	0.000195719246958742	0.000613496932515337	284
mpayroll_sobre_edad_delta2/chomebanking_transacciones_delta2	0.000562180698670447	0.000305361300020914	0.000613496932515337	285
mcomisiones_lag2/ctarjeta_visa_transacciones_lag1	0.000559841089656614	0.000292597001306213	0.000613496932515337	286
canarito141	0.000558670622926788	0.0021699307814991	0.00122699386503067	287
mtarjeta_visa_consumo_delta1	0.000558052744425095	0.00144923883868447	0.00122699386503067	288
canarito109	0.000553512464442939	0.00096485006694711	0.00184049079754601	289
mpasivos_margen_lag1/chomebanking_transacciones_lag1	0.000550177099045311	0.000300779244072047	0.000613496932515337	290
canarito113	0.000547888677409735	0.000443150268197553	0.00122699386503067	291
mpayroll_sobre_edad_lag2/ccomisiones_mantenimiento_delta2	0.000547241832787428	0.000454278118359087	0.000613496932515337	292
mcuenta_corriente_delta1	0.000543642626745455	0.000565229330263792	0.000613496932515337	293
kmes_-_cliente_edad	0.000541402449275202	0.00110754838078325	0.000613496932515337	294
mcuenta_corriente_delta2/internet_lag1	0.000539824919334612	0.00219578666863913	0.00184049079754601	295
canarito35	0.000530830281259934	0.00021601120901801	0.000613496932515337	296
mtarjeta_visa_consumo_lag2/chomebanking_transacciones_delta2	0.000530739464745876	0.000854553434463672	0.00122699386503067	297
ccomisiones_mantenimiento_-_cproductos	0.000529547825278014	0.000321071206131315	0.000613496932515337	298
canarito138	0.000526488649755661	0.00111278501615338	0.00122699386503067	299
ctarjeta_visa_transacciones_delta1/cpayroll_trx	0.000525849126375525	0.00244550871785238	0.00184049079754601	300
ctrx_quarter_lag1/ccomisiones_mantenimiento	0.00052335488141408	0.00116384221101219	0.00245398773006135	301
cliente_edad_-_kmes	0.000516949892854648	0.000224520741494477	0.000613496932515337	302
mcomisiones_lag2/cproductos	0.00051594426444414	0.00066865287882393	0.00122699386503067	303
mpasivos_margen_delta2/chomebanking_transacciones_delta1	0.000514979608010333	0.000607449702935494	0.00122699386503067	304
ctrx_quarter_delta2/cpayroll_trx	0.000505983677681227	0.000208483545673443	0.000613496932515337	305
ccomisiones_mantenimiento_delta1/ccomisiones_mantenimiento	0.000505724723996689	0.00107645585827308	0.000613496932515337	306
ctrx_quarter_delta1/cliente_edad	0.000502432593170704	0.00100707043961881	0.000613496932515337	307
mactivos_margen/cproductos	0.000500923178681504	0.000883354928999407	0.00122699386503067	308
canarito152	0.000493084068998095	0.000867972312599639	0.00184049079754601	309
canarito7	0.000489741091102849	0.000388492886521784	0.00122699386503067	310
mcuentas_saldo_delta2/chomebanking_transacciones_delta2	0.000488550819002663	0.000608758861778028	0.00122699386503067	311
mpasivos_margen_lag1/ctrx_quarter_lag1	0.00048743702138518	0.000746220540244034	0.000613496932515337	312
mrentabilidad_lag1/cproductos	0.000485693535624112	0.000749493437350367	0.00122699386503067	313
Visa_mpagominimo_lag2/ccomisiones_mantenimiento_lag1	0.00048173460112989	0.00111474875441718	0.00122699386503067	314
mtarjeta_visa_consumo/cliente_edad	0.000481073017919125	0.00173725378404181	0.00245398773006135	315
mrentabilidad_delta2/ctrx_quarter_lag2	0.000476999897789979	0.000371146531858217	0.00122699386503067	316
mpayroll_sobre_edad_delta1/cpayroll_trx_delta1	0.000475853589932976	0.00158506406859731	0.00122699386503067	317
canarito107	0.000473944523917663	0.00035969139198605	0.00122699386503067	318
canarito57	0.000473849829107397	0.00043398615629982	0.00122699386503067	319
mcomisiones_lag2	0.000473017730691899	0.000596649142484594	0.000613496932515337	320
canarito102	0.000472307478225971	0.00105747305505635	0.00184049079754601	321
canarito50	0.000471886629435049	0.000566211199395692	0.00122699386503067	322
mrentabilidad_annual_lag2/cpayroll_trx	0.000465715582615458	0.00127839360973386	0.00122699386503067	323
mcaja_ahorro_delta1/kmes	0.000461257055354511	0.00389442026682621	0.00184049079754601	324
kmes/cliente_antiguedad	0.000457984534834384	0.00044282297848692	0.000613496932515337	325
mactivos_margen_lag1/cliente_antiguedad	0.000449221523018747	0.000573411573029626	0.00122699386503067	326
mcomisiones/cliente_antiguedad	0.000442795495852077	0.000252013077187678	0.000613496932515337	327
canarito4	0.000436261575404646	0.000997906327721078	0.00122699386503067	328
ccomisiones_mantenimiento_lag1/ctrx_quarter	0.000435636883717107	0.000889900723212074	0.00184049079754601	329
mcuentas_saldo_delta2/kmes_delta2	0.000433804127503016	0.000201937751460776	0.000613496932515337	330
canarito83	0.000431519004718602	0.00191202648952002	0.00122699386503067	331
mactivos_margen_delta1/ccomisiones_mantenimiento	0.000426675224297832	0.000216665788439276	0.000613496932515337	332
ctarjeta_visa_transacciones_lag2/cproductos	0.00042659732695818	0.000607449702935494	0.00122699386503067	333
ctrx_quarter/cpayroll_trx	0.000421729471162271	0.00131766837500986	0.00122699386503067	334
canarito38	0.000417704875394466	0.00346534345618589	0.00122699386503067	335
canarito110	0.00041393650818918	0.00029816092638698	0.000613496932515337	336
canarito136	0.000413442747429541	0.000434640735721086	0.00122699386503067	337
mcomisiones_lag2/ccomisiones_mantenimiento	0.000411246381293363	0.000517772322221957	0.00122699386503067	338
canarito66	0.000407634304443271	0.00021404747075421	0.000613496932515337	339
mpasivos_margen_delta2/ccomisiones_mantenimiento	0.000405584528322996	0.000945212684309109	0.000613496932515337	340
canarito64	0.000403777260684997	0.000702036429308532	0.00122699386503067	341
cpayroll_trx_lag1/ccomisiones_mantenimiento	0.000403299344221646	0.0014348380914166	0.00122699386503067	342
Master_mpagominimo/ccomisiones_mantenimiento	0.000402357982091864	0.000939321469517709	0.000613496932515337	343
mtarjeta_master_consumo_delta2/cpayroll_trx	0.000399313019260452	0.00109282034380475	0.00122699386503067	344
cliente_antiguedad_-_ctrx_quarter	0.000398957905482491	0.000672253065640897	0.00184049079754601	345
mpasivos_margen_delta1	0.000398933651951647	0.000252013077187678	0.000613496932515337	346
ctarjeta_visa_transacciones_lag1/cproductos	0.000396787019599109	0.000457878305176054	0.000613496932515337	347
mactivos_margen_lag2	0.000393091300699714	0.00100870688817198	0.000613496932515337	348
mactivos_margen	0.000377454083968065	0.000629050823837295	0.000613496932515337	349
canarito148	0.000377171707213937	0.000190482611588609	0.000613496932515337	350
canarito169	0.000376677590816069	0.000413366904529919	0.000613496932515337	351
cliente_edad_lag1	0.000376176165439417	0.00088957343350144	0.000613496932515337	352
ctarjeta_visa_transacciones_lag1/cpayroll_trx	0.000372504531832522	0.000343654196165016	0.000613496932515337	353
Visa_mpagominimo_lag2	0.000370663814425898	0.00146756706247993	0.00306748466257669	354
Visa_mpagominimo_lag2/kmes_lag1	0.000369748752509992	0.00022779363860081	0.000613496932515337	355
canarito78	0.00036686447741617	0.00132421416922253	0.000613496932515337	356
canarito70	0.000363345621087262	0.000318780178156881	0.000613496932515337	357
canarito104	0.000360474296130344	0.000252013077187678	0.000613496932515337	358
mcaja_ahorro	0.000358958581284268	0.000611049889752461	0.00184049079754601	359
Master_fechaalta_lag2/ccomisiones_mantenimiento	0.000356623764230684	0.000908228947007541	0.000613496932515337	360
canarito132	0.000356442057622245	0.000423840175270186	0.00122699386503067	361
mcomisiones_delta1/ctrx_quarter_delta2	0.000355321858516634	0.000224520741494477	0.000613496932515337	362
Master_fechaalta_lag1/ccomisiones_mantenimiento	0.000352248212197361	0.00101001604701451	0.00122699386503067	363
mrentabilidad_annual/cliente_edad_lag1	0.000351945355586575	0.000610068020620561	0.000613496932515337	364
cproductos_-_cliente_antiguedad	0.000348960692404971	0.000476533818682155	0.000613496932515337	365
cliente_antiguedad_lag1	0.000344153812516345	0.000673234934772797	0.000613496932515337	366
cproductos_lag2	0.000342937063763151	0.00173267172809295	0.000613496932515337	367
cliente_antiguedad_+_kmes	0.000342207980866147	0.000842771004880872	0.000613496932515337	368
ctrx_quarter_delta1/cproductos	0.000340233992478892	0.000275250646642646	0.000613496932515337	369
ctrx_quarter/cliente_antiguedad	0.000338544539201915	0.000983832870163844	0.000613496932515337	370
mcomisiones_delta2/internet_delta2	0.000337789629611426	0.000217320367860543	0.000613496932515337	371
canarito171	0.000334371406638045	0.00120344426599882	0.000613496932515337	372
canarito8	0.000332563489040523	0.000419258119321319	0.000613496932515337	373
mrentabilidad_delta2/cpayroll_trx	0.000331154717104391	0.000426785782665886	0.00122699386503067	374
mactivos_margen/cpayroll_trx_lag2	0.000327220085961023	0.000826079229638571	0.000613496932515337	375
kmes_delta2/cliente_edad	0.000323336755755885	0.000813969510345137	0.00184049079754601	376
mcomisiones_delta2/ccomisiones_mantenimiento	0.000322668358106897	0.000206519807409643	0.000613496932515337	377
canarito130	0.000321653587341216	0.000265431955323645	0.000613496932515337	378
mcomisiones_lag1/cpayroll_trx_lag1	0.000318986582678771	0.001460366688846	0.00122699386503067	379
canarito39	0.00031757929767834	0.000337435691662982	0.000613496932515337	380
mrentabilidad/Visa_fechaalta_lag1	0.000314621380944262	0.000370164662726317	0.00122699386503067	381
cproductos/cliente_edad	0.000312044644392527	0.00139425416729806	0.00245398773006135	382
ccallcenter_transacciones_delta2/ctrx_quarter	0.000303384353390861	0.000596649142484594	0.000613496932515337	383
mpayroll_sobre_edad/cpayroll_trx	0.00030262296873192	0.00155888089174664	0.000613496932515337	384
canarito59	0.000302544360419839	0.000487007089422422	0.000613496932515337	385
cliente_edad_+_kmes	0.000301588380332491	0.000465405968520621	0.000613496932515337	386
mcomisiones_lag1/ctrx_quarter	0.000301270813788736	0.000964195487525844	0.00122699386503067	387
canarito137	0.00029585157085682	0.000526936434119691	0.00122699386503067	388
mpayroll_sobre_edad_lag2	0.00029537121411461	0.00401715390831372	0.0049079754601227	389
kmes_-_cproductos	0.000290004752666091	0.000309943355969781	0.000613496932515337	390
mpasivos_margen_lag1/kmes	0.000287054623182898	0.000380965223177217	0.00122699386503067	391
cliente_antiguedad_-_ccomisiones_mantenimiento	0.000285113721414362	0.000286705786514813	0.000613496932515337	392
mpayroll_sobre_edad_delta1/internet_delta1	0.000276989668863049	0.000183936817375942	0.000613496932515337	393
mrentabilidad_annual_delta2/ccomisiones_mantenimiento_delta1	0.000275165391906976	0.000183609527665308	0.000613496932515337	394
canarito32	0.000272974832101415	0.000200301302907609	0.000613496932515337	395
canarito123	0.000272793088702815	0.000188846163035442	0.000613496932515337	396
canarito128	0.00027191623198981	0.00058257568492736	0.000613496932515337	397
mcuentas_saldo_delta2/kmes_lag1	0.00026740038680669	0.000714473438312599	0.000613496932515337	398
mrentabilidad/cliente_antiguedad	0.000265599925348598	0.000234012143102844	0.000613496932515337	399
ctrx_quarter_lag2/cliente_edad	0.000265507682031231	0.00277738048443459	0.00429447852760736	400
mrentabilidad_annual_delta1/cliente_antiguedad_lag1	0.000262809121792167	0.000307325038284714	0.000613496932515337	401
cliente_edad/ccomisiones_mantenimiento	0.000262219106922734	0.000798914183656003	0.00122699386503067	402
mprestamos_personales_delta1/Master_status_delta2	0.00026165947829384	0.00137068930813246	0.000613496932515337	403
mtarjeta_visa_consumo_delta2/ccomisiones_mantenimiento_lag1	0.000261584907539953	0.000425476623823353	0.00122699386503067	404
canarito170	0.000257105592083564	0.000208483545673443	0.000613496932515337	405
mrentabilidad_annual/ccallcenter_transacciones_lag1	0.000256959715359683	0.00157851827438464	0.00245398773006135	406
kmes_lag1/cliente_antiguedad	0.000251299981939741	0.000379983354045317	0.000613496932515337	407
chomebanking_transacciones_lag2	0.000248093008074612	0.000180009340848341	0.000613496932515337	408
canarito168	0.000246312413303817	0.000186882424771642	0.000613496932515337	409
mtarjeta_visa_consumo_lag2/cliente_edad	0.00024573654984965	0.00166819565509818	0.00184049079754601	410
canarito10	0.000245669419385097	0.000779604090728635	0.000613496932515337	411
mtarjeta_visa_consumo_delta2	0.000241932533229772	0.00155037135927017	0.00184049079754601	412
Visa_fechaalta	0.000238399315539462	0.000268050273008712	0.000613496932515337	413
canarito151	0.000236596376877151	0.000405511951474718	0.000613496932515337	414
mtarjeta_visa_consumo_delta2/internet_lag1	0.00023351804594396	0.000170845228950608	0.000613496932515337	415
canarito99	0.000233357837053318	0.00111507604412782	0.000613496932515337	416
cliente_antiguedad_lag1/ccomisiones_mantenimiento	0.000232967150063263	0.000188191583614175	0.000613496932515337	417
cproductos/kmes	0.000232947258849192	0.000171827098082508	0.000613496932515337	418
canarito16	0.000231905753899372	0.000258231581689712	0.000613496932515337	419
mcaja_ahorro_delta1/Master_fechaalta_delta1	0.000226612483546827	0.000207501676541543	0.000613496932515337	420
canarito80	0.000224049214876876	0.000624468767888428	0.000613496932515337	421
canarito77	0.000219168484870412	0.000737383718056933	0.000613496932515337	422
mtarjeta_visa_consumo_lag2/cpayroll_trx	0.000219063053847257	0.000482752323184189	0.00122699386503067	423
canarito72	0.000217956353282506	0.000431695128325386	0.00122699386503067	424
kmes_+_ccomisiones_mantenimiento	0.000212606076574468	0.000273941487800112	0.000613496932515337	425
cliente_antiguedad_lag2/ctrx_quarter	0.000211018327400016	0.00102899885023125	0.00184049079754601	426
mcuentas_saldo_lag2_-_Master_mpagominimo	0.000210355756812601	0.000469988024469488	0.00122699386503067	427
canarito47	0.000208687580982835	0.000977614365661811	0.000613496932515337	428
mrentabilidad_annual_delta2	0.000204222162847963	0.000192119060141775	0.000613496932515337	429
mcuenta_corriente_lag1/kmes	0.000202343460979407	0.000276887095195813	0.000613496932515337	430
cproductos/cliente_antiguedad	0.000202069889337304	0.000451005221252754	0.000613496932515337	431
canarito140	0.00018818208158275	0.000324671392948281	0.000613496932515337	432
canarito53	0.000177322938043146	0.00173267172809295	0.000613496932515337	433
ctarjeta_visa_transacciones_delta1/ctrx_quarter	0.00017482958907543	0.000488316248264955	0.00122699386503067	434
canarito162	0.000171452748902223	0.000174445415767575	0.000613496932515337	435
Visa_mpagominimo_lag1/cproductos_delta2	0.000159083986994607	0.00129573996439743	0.00122699386503067	436
canarito117	0.000147884554387653	0.000183282237954675	0.000613496932515337	437
ctarjeta_visa_transacciones_delta2/ccomisiones_mantenimiento	0.000147537941309924	0.000560647274314925	0.00122699386503067	438
Visa_fechaalta_delta1	0.00014726733810887	0.000173790836346308	0.000613496932515337	439
cproductos_+_cliente_edad	0.000146073350202356	0.000696799793938398	0.000613496932515337	440
canarito105	0.000141226246403649	0.000380965223177217	0.000613496932515337	441
canarito95	0.000130629232765873	0.000395693260155718	0.000613496932515337	442
canarito144	0.000129356440333083	0.000507626341192323	0.000613496932515337	443
ccallcenter_transacciones_delta2/ccomisiones_mantenimiento	0.000128494348738291	0.000191464480720509	0.000613496932515337	444
canarito74	0.000127563312380549	0.000541337181387558	0.000613496932515337	445
mtarjeta_visa_consumo_delta1/cpayroll_trx_lag2	0.000127314954262569	0.000786477174651936	0.000613496932515337	446
ccomisiones_mantenimiento/cliente_edad	0.00012681823802661	0.000843752874012771	0.000613496932515337	447
cliente_antiguedad/ccomisiones_mantenimiento	0.00012489327866146	0.000208156255962809	0.000613496932515337	448
canarito153	0.000122600712001004	0.000190155321877975	0.000613496932515337	449
canarito119	0.000110933398980215	0.00022582990033701	0.000613496932515337	450
cliente_edad_lag1/ccomisiones_mantenimiento	0.000107947803781181	0.000815605958898304	0.000613496932515337	451
mcuentas_saldo/ccomisiones_mantenimiento	0.000100815705963626	0.000170845228950608	0.000613496932515337	452
mcuentas_saldo_lag2/ccomisiones_mantenimiento	9.60344787816801e-05	0.000436277184274253	0.00122699386503067	453
Visa_fechaalta_delta1/cproductos	8.22579942240011e-05	0.00145120257694827	0.00122699386503067	454
Visa_mpagominimo_lag2/Visa_fechaalta_delta2	7.41823820522069e-05	0.000182954948244042	0.000613496932515337	455
canarito82	7.26480299650952e-05	0.000638214935735029	0.000613496932515337	456
canarito63	7.22298239341186e-05	0.000241539806447411	0.000613496932515337	457
mpasivos_margen_lag2/ctrx_quarter_lag1	7.05786569520427e-05	0.000285723917382913	0.000613496932515337	458
canarito55	6.48715340709842e-05	0.000255285974294012	0.000613496932515337	459
cproductos/ctrx_quarter	6.06568899716098e-05	0.00126890220812549	0.00184049079754601	460
Master_mpagominimo/ctrx_quarter_delta1	3.63019071612367e-05	0.000617922973675761	0.000613496932515337	461
canarito124	2.66493950803711e-05	0.000602213067565361	0.000613496932515337	462
mtarjeta_visa_consumo_lag2/cliente_antiguedad	2.1048721466229e-05	0.000184918686507842	0.000613496932515337	463
internet_delta2/cpayroll_trx	1.69381705002662e-05	0.000193100929273675	0.000613496932515337	464
mtarjeta_visa_consumo_lag2/kmes	1.59120698977174e-05	0.000619886711939561	0.000613496932515337	465
mcuentas_saldo_delta2	1.58884475480849e-05	0.000261177189085412	0.000613496932515337	466
ctrx_quarter/cproductos	1.51714380576534e-05	0.0014937502393306	0.00184049079754601	467
mtarjeta_visa_consumo_lag1/ctrx_quarter_lag2	1.5084591713354e-05	0.000201283172039509	0.000613496932515337	468
mtarjeta_master_consumo_lag1	1.36179227932329e-05	0.00021306560162231	0.000613496932515337	469
cliente_antiguedad_lag2/cpayroll_trx	1.28225145228788e-05	0.000561629143446825	0.00122699386503067	470
cliente_edad_lag1/cpayroll_trx	1.1997681007879e-05	0.000271650459825679	0.000613496932515337	471
ccomisiones_mantenimiento_delta2/cpayroll_trx	1.09338171247327e-05	0.00135072463578383	0.00184049079754601	472
mpayroll_sobre_edad_lag1/cpayroll_trx_lag1	8.26188721906593e-06	0.000686326523198131	0.00122699386503067	473
ctrx_quarter_-_ccomisiones_mantenimiento	7.46667751169333e-06	0.000315507281050548	0.000613496932515337	474
mcaja_ahorro_lag1/kmes	1.93458152534719e-06	0.000405839241185352	0.000613496932515337	475
Visa_status_delta2/cpayroll_trx	5.21531870652737e-07	0.00057766633926786	0.000613496932515337	476
cpayroll_trx/ccomisiones_mantenimiento	4.69349433492789e-07	0.000510899238298656	0.000613496932515337	477
mpayroll/internet_delta2	4.15918657764823e-07	0.00119198912612665	0.00122699386503067	478
mpayroll_sobre_edad/cliente_edad	4.14020394338945e-07	0.00164201247824751	0.00245398773006135	479
mtarjeta_visa_consumo_lag2	3.86120403753882e-07	0.000742620353427067	0.00122699386503067	480
mpayroll	1.60250950227997e-07	0.000236303171077277	0.000613496932515337	481
Visa_mpagominimo/cpayroll_trx_lag1	3.56681288134949e-08	0.000974668758266111	0.00245398773006135	482
cliente_antiguedad_delta2/cliente_edad	1.63594566046921e-08	0.00105027268142241	0.00122699386503067	483
ctrx_quarter/cliente_edad	1.38368148300262e-08	0.000525299985566524	0.000613496932515337	484
cliente_edad_+_ccomisiones_mantenimiento	1.31883133809929e-08	0.000525299985566524	0.000613496932515337	485
mpasivos_margen/Master_fechaalta_delta2	1.22939278932205e-08	0.00218596797732013	0.00368098159509202	486
ccallcenter_transacciones_lag1/cpayroll_trx	7.24411696165447e-09	0.000533154938621724	0.000613496932515337	487
mpayroll_lag2	6.37457648266835e-09	0.000821497173689704	0.00184049079754601	488
cproductos/cpayroll_trx	2.61756354666682e-09	0.000809714744106903	0.00122699386503067	489
mpayroll_sobre_edad_lag1/Master_fechaalta_lag1	2.36257777522525e-09	0.000264777375902379	0.000613496932515337	490
mcaja_ahorro_lag2/cpayroll_trx	4.29207746263824e-10	0.000223211582651943	0.000613496932515337	491
cpayroll_trx/cliente_antiguedad	3.47479603849248e-10	0.000252994946319578	0.000613496932515337	492
ctrx_quarter_lag1/cproductos	2.9183654972447e-10	0.000576684470135959	0.00122699386503067	493
cliente_edad/cliente_antiguedad	2.56321138217825e-10	0.00022484803120511	0.000613496932515337	494
mrentabilidad_annual_lag1/ccomisiones_mantenimiento	2.49318590860287e-10	0.00036165513024985	0.000613496932515337	495
mtarjeta_visa_consumo_lag2/ctarjeta_visa_transacciones_delta2	2.25261662495504e-10	0.000200301302907609	0.000613496932515337	496
cliente_edad_+_ctrx_quarter	2.14689318828771e-10	0.00036165513024985	0.000613496932515337	497
mcomisiones_delta1/ccallcenter_transacciones_delta2	1.09419003989946e-10	0.000245794572685644	0.000613496932515337	498
cproductos_+_kmes	5.49991063021815e-11	0.000424167464980819	0.00122699386503067	499
cliente_edad	7.30954838991443e-19	0.000401257185236485	0.000613496932515337	500
