Feature	Gain	Cover	Frequency	pos
ctrx_quarter_-_ccomisiones_mantenimiento	0.0813621439346036	0.00237529306505933	0.0010443864229765	1
ctrx_quarter_+_cpayroll_trx	0.0681341712043588	0.00710860335494118	0.00496083550913838	2
mpayroll_sobre_edad/cpayroll_trx	0.0543152639416346	0.0266222047724239	0.012532637075718	3
ctrx_quarter/cliente_edad	0.0348549841126641	0.00453166884211785	0.00574412532637076	4
mtarjeta_visa_consumo/ctarjeta_visa_transacciones_lag2	0.0265842092916022	0.0100094598722047	0.0122715404699739	5
mpayroll_sobre_edad_-_mprestamos_personales_lag2	0.0242468774699598	0.0306600275252723	0.0161879895561358	6
mactivos_margen_lag1_-_mtarjeta_visa_consumo	0.0237533662797486	0.00640218345025793	0.00783289817232376	7
ctrx_quarter_lag1/ccomisiones_mantenimiento	0.0213682427932365	0.006643370376064	0.00861618798955614	8
mcaja_ahorro_lag2/cliente_antiguedad	0.020326002938014	0.0136993364052837	0.00939947780678851	9
ctrx_quarter_-_cpayroll_trx	0.0199868598934341	0.00108149459232459	0.0010443864229765	10
mpayroll_delta2_-_mcuentas_saldo	0.0175509853542098	0.0230045358528347	0.0140992167101828	11
mrentabilidad_annual_lag2_-_ctrx_quarter_lag1	0.0160645417066723	0.0124130961126525	0.0138381201044386	12
mpayroll_sobre_edad/ccomisiones_mantenimiento_lag1	0.0158639338511263	0.00636709189977691	0.00600522193211488	13
cproductos/cliente_edad	0.0124052468206464	0.0171562590301694	0.0164490861618799	14
mtarjeta_visa_consumo_-_ctarjeta_visa_transacciones_lag2	0.0119072639746396	0.0134813638897958	0.0148825065274151	15
mcaja_ahorro/Master_fechaalta_delta2	0.011663031262513	0.00313812938551591	0.00548302872062663	16
mpasivos_margen_-_cproductos_delta2	0.0116209442337495	0.00450089625169604	0.00652741514360313	17
Visa_mpagominimo_delta1_-_mcomisiones_delta1	0.0111495270977258	0.0100035213021233	0.00939947780678851	18
ctarjeta_visa_transacciones_lag1/ctrx_quarter	0.0109855503661173	0.0112890867572452	0.012532637075718	19
cliente_antiguedad_delta2_-_ccomisiones_mantenimiento_delta1	0.00934955445549607	0.00801693464239213	0.00417754569190601	20
canarito5	0.00888592768176721	0.0157165606879348	0.0138381201044386	21
ccomisiones_mantenimiento_delta2_-_ccomisiones_mantenimiento_lag2	0.00803621138674149	0.00416239775705607	0.00365535248041775	22
mrentabilidad_annual_-_Master_fechaalta_delta2	0.00798624647086255	0.0121532836715911	0.0109660574412533	23
cliente_antiguedad_-_ctrx_quarter	0.00796648103937542	0.00889975707199342	0.00939947780678851	24
canarito36	0.00734867939972333	0.0097669232713801	0.0122715404699739	25
mrentabilidad_annual_delta2/ccomisiones_mantenimiento	0.00706975334906554	0.00517006512586867	0.00809399477806788	26
Master_mpagominimo/kmes	0.00703117149508694	0.0101248570862865	0.00496083550913838	27
mrentabilidad_lag1_-_Visa_mpagominimo_delta1	0.00701212240397648	0.00722224599149894	0.00992167101827676	28
mcuentas_saldo_lag1_-_mprestamos_personales_delta2	0.00695530851071942	0.0135182100178009	0.010443864229765	29
ctarjeta_visa_transacciones_lag1_-_Visa_fechaalta_lag2	0.00693779424640548	0.0133897209560396	0.00913838120104439	30
canarito40	0.00663184990309779	0.0104285339654491	0.0120104438642298	31
mrentabilidad_annual_delta2_-_mcuentas_saldo_delta2	0.00662275906701188	0.00750446303786743	0.0101827676240209	32
canarito29	0.00639390416999425	0.00892783031237823	0.0114882506527415	33
cproductos_lag1/cproductos	0.00621594343249055	0.0140370250949125	0.00522193211488251	34
mrentabilidad_annual_lag2_-_mactivos_margen_delta2	0.00621034696501017	0.00630689639395178	0.00913838120104439	35
Master_fechaalta_lag1_-_Master_status_lag2	0.00606070582055261	0.00761068246182343	0.00835509138381201	36
canarito17	0.00588680246629256	0.00756384873868146	0.00966057441253264	37
canarito27	0.00565365870193454	0.0113364603503945	0.0112271540469974	38
canarito21	0.00555211927997321	0.0108207495258254	0.0101827676240209	39
Master_mpagominimo_lag1_-_cliente_antiguedad_lag1	0.00549209811610776	0.0071374864003371	0.00704960835509138	40
mcaja_ahorro_-_mpasivos_margen	0.00545139044046198	0.00156197889891083	0.00156657963446475	41
canarito1	0.00534184620001956	0.00779828728939502	0.010443864229765	42
ccallcenter_transacciones_lag1_-_chomebanking_transacciones_lag1	0.00522328968522824	0.00424634754320681	0.00731070496083551	43
ctrx_quarter_-_cliente_edad	0.00519423238996373	0.0103084128888026	0.00574412532637076	44
Visa_mpagominimo_lag2/cproductos	0.00506526637735723	0.0117091056230026	0.00913838120104439	45
canarito3	0.00502239078910645	0.00701601564867204	0.00835509138381201	46
mactivos_margen_lag2_-_Master_status_delta1	0.00496010477124773	0.00422866680046445	0.00600522193211488	47
canarito37	0.00490767871542507	0.00403957733037251	0.00809399477806788	48
mcuentas_saldo_lag2_-_ccomisiones_mantenimiento_delta1	0.00473801963070202	0.00142093785947751	0.0031331592689295	49
canarito30	0.00471992722257056	0.0058440928301079	0.00704960835509138	50
canarito23	0.00462546103966485	0.00658250003272962	0.00835509138381201	51
cliente_edad/cliente_antiguedad	0.004599290505921	0.0133789235558916	0.00757180156657964	52
canarito33	0.0045950201484152	0.00780733011201898	0.00704960835509138	53
mrentabilidad_lag2_-_mtarjeta_master_consumo_lag1	0.00456871507106219	0.0028138024785702	0.00443864229765013	54
canarito11	0.00456159264915406	0.00371228113838609	0.00704960835509138	55
canarito34	0.00455576208852779	0.00765063284237105	0.00809399477806788	56
canarito24	0.00446968290405903	0.0109808209830196	0.00887728459530026	57
chomebanking_transacciones_lag1_-_cpayroll_trx_delta2	0.00445258149528913	0.00305336979435407	0.00417754569190601	58
canarito6	0.00444397287239397	0.00594693806651765	0.00887728459530026	59
ccallcenter_transacciones_delta1/cproductos	0.00441308042105185	0.0115584818909379	0.00469973890339426	60
cproductos_+_cpayroll_trx	0.00436602361535203	0.00594531845649545	0.00417754569190601	61
ctrx_quarter_delta2_-_ccallcenter_transacciones_delta1	0.00417479983125109	0.0117827978790127	0.00757180156657964	62
mcuenta_corriente_delta2_-_chomebanking_transacciones_delta1	0.00416004806882595	0.00940480546391637	0.00783289817232376	63
mactivos_margen_delta1/ccomisiones_mantenimiento_delta2	0.00412686213813507	0.00337175813121837	0.00731070496083551	64
canarito31	0.00401309601428604	0.00510177156993253	0.00548302872062663	65
canarito12	0.00396225395681432	0.00815068743672555	0.00887728459530026	66
mpasivos_margen_delta2/ccomisiones_mantenimiento	0.0039558769660285	0.00348971972783533	0.00652741514360313	67
kmes/cliente_edad	0.00389395978941595	0.00589416577329428	0.00626631853785901	68
canarito39	0.00388346783480334	0.00776454541393251	0.00652741514360313	69
canarito25	0.0038339717763134	0.00991552249091703	0.00783289817232376	70
canarito38	0.00381784729835408	0.0131326078650152	0.00887728459530026	71
canarito28	0.00377669601237023	0.00577282998913107	0.00783289817232376	72
canarito4	0.00376025803781323	0.00607002842820492	0.00731070496083551	73
mprestamos_personales_delta2/ctrx_quarter	0.00375694836167028	0.00855208078722765	0.00496083550913838	74
canarito14	0.00374521215497752	0.00664971384865095	0.00704960835509138	75
canarito8	0.00367826647201674	0.00736990043852291	0.00731070496083551	76
canarito10	0.00363998133057092	0.00758503863647192	0.00809399477806788	77
mcomisiones_delta2/kmes	0.00356263524104841	0.00612077620890054	0.00678851174934726	78
Visa_mpagominimo_lag2_-_Visa_mpagominimo_lag1	0.00354968680276001	0.00599917048973363	0.00600522193211488	79
cliente_antiguedad/kmes	0.00354840901638374	0.00740553185901133	0.00522193211488251	80
mtarjeta_visa_consumo_delta2/ccomisiones_mantenimiento_lag1	0.00354759289845462	0.00359985320934499	0.00548302872062663	81
mprestamos_personales_delta1/cproductos	0.003511555921502	0.0112444125141328	0.00522193211488251	82
canarito2	0.00348784592218716	0.00624535121310815	0.00704960835509138	83
mtarjeta_master_consumo_lag1_-_kmes_delta1	0.00345329323111911	0.00164930287260782	0.00234986945169713	84
canarito9	0.00343417929197329	0.00344585528973406	0.00574412532637076	85
Visa_mpagominimo_delta2/cpayroll_trx	0.00333103005340506	0.00360687151944119	0.00574412532637076	86
chomebanking_transacciones_lag2_-_ccallcenter_transacciones_lag1	0.00332366097132503	0.00287494275690828	0.00522193211488251	87
mtarjeta_visa_consumo_delta2_-_mcaja_ahorro_delta1	0.00321565342626897	0.00711629650254663	0.00600522193211488	88
mcuenta_corriente_delta2/ccallcenter_transacciones_delta1	0.0031997057085139	0.00425700997585296	0.00469973890339426	89
canarito20	0.00319446069506068	0.00358905580919698	0.00574412532637076	90
mprestamos_personales_delta2/ccomisiones_mantenimiento	0.0031628466866586	0.00428629792375443	0.00339425587467363	91
mcaja_ahorro_delta1_-_mrentabilidad_annual_delta1	0.00308610114700363	0.00339956143659949	0.00469973890339426	92
mtarjeta_visa_consumo_lag1/cdescubierto_preacordado_lag2	0.00302221767155832	0.0092633595219775	0.00783289817232376	93
mcuenta_corriente_delta1_-_cpayroll_trx_lag1	0.00301688027213583	0.00800330292470527	0.00443864229765013	94
cliente_antiguedad_delta2/cliente_edad	0.00301418101057545	0.00713532692030749	0.00443864229765013	95
cliente_antiguedad_lag2/ctrx_quarter	0.00300542706298906	0.00186282146053463	0.00469973890339426	96
cpayroll_trx_lag2/ccomisiones_mantenimiento	0.00292673122435331	0.0030232720414415	0.00234986945169713	97
mcomisiones_delta1_-_Master_status_delta1	0.00292294869320856	0.0037252380185637	0.00678851174934726	98
canarito13	0.0028557037522041	0.00363548462983341	0.00548302872062663	99
ccomisiones_mantenimiento_+_cproductos	0.0027879668195507	0.00282392504120895	0.00391644908616188	100
mactivos_margen_delta2_-_cpayroll_trx_lag1	0.0027589272764324	0.00294175167032406	0.00391644908616188	101
ctrx_quarter_+_cliente_antiguedad	0.0027217678999648	0.00776913430899541	0.00522193211488251	102
canarito32	0.00257764699035992	0.00402756522270785	0.00600522193211488	103
mactivos_margen_delta2_-_mpasivos_margen_lag1	0.00257646047307938	0.00247597882143948	0.00391644908616188	104
cpayroll_trx_delta2_-_cliente_antiguedad_lag1	0.00257205560280772	0.00187253912066783	0.0031331592689295	105
mpasivos_margen_lag2/ccomisiones_mantenimiento	0.00256844174491317	0.00232967404943401	0.00391644908616188	106
mtarjeta_visa_consumo_lag1/ctarjeta_visa_transacciones_delta1	0.00256472662846924	0.00273768080752676	0.00417754569190601	107
mrentabilidad_delta2/ccomisiones_mantenimiento_lag1	0.00255934740682774	0.00249433440169109	0.00496083550913838	108
mcaja_ahorro_delta2_-_cpayroll_trx_lag1	0.00245859353476683	0.00299114977600119	0.00365535248041775	109
mpayroll_sobre_edad_-_mpasivos_margen	0.00245299799415316	0.00210711263888325	0.00391644908616188	110
internet_delta2_-_chomebanking_transacciones_lag1	0.0023413139846504	0.00184608549030522	0.00339425587467363	111
kmes_lag2_-_ctarjeta_visa_transacciones_lag1	0.00221796377797757	0.00225044812584802	0.00339425587467363	112
Visa_mpagominimo_lag2/cpayroll_trx_delta1	0.00217712286827769	0.00339321796401254	0.00365535248041775	113
canarito22	0.0021660468546812	0.00243805295341961	0.00496083550913838	114
canarito19	0.002154624572367	0.00326391909724017	0.00548302872062663	115
mrentabilidad_lag2/kmes	0.00214619826671623	0.00617341353462207	0.00522193211488251	116
cliente_edad_-_cproductos	0.00211583250974203	0.00414458204681186	0.00365535248041775	117
mtarjeta_master_consumo_lag2_-_mpasivos_margen	0.00210292493263772	0.00186956983562713	0.00443864229765013	118
mcuentas_saldo_lag1/ctrx_quarter	0.00205835378918307	0.00545876061232596	0.00469973890339426	119
canarito7	0.00205385218404581	0.00615856710941856	0.00443864229765013	120
canarito35	0.002051162044391	0.00302961551402845	0.00417754569190601	121
Master_mpagominimo_delta1_-_mprestamos_personales_delta2	0.00203654979006096	0.002517818747013	0.00182767624020888	122
canarito26	0.00203086689815256	0.00425431062581596	0.00469973890339426	123
canarito18	0.00202057836666063	0.00743954366947754	0.00626631853785901	124
mpayroll_sobre_edad_delta2_-_mcomisiones_delta2	0.0019587357459989	0.0034284444819954	0.00469973890339426	125
mcuentas_saldo_lag2_-_Master_mpagominimo	0.00195776237897649	0.00237097410500013	0.00522193211488251	126
cliente_edad_-_kmes	0.00195338643337389	0.00138328192646134	0.00234986945169713	127
mcaja_ahorro_delta1_-_ctarjeta_visa_transacciones_lag2	0.00191930418742896	0.00198685659473484	0.0031331592689295	128
mtarjeta_visa_consumo_lag1/ctrx_quarter_lag2	0.00188744051537587	0.00192531141389121	0.00339425587467363	129
ctarjeta_visa_transacciones_lag1/cproductos	0.00188666019463005	0.0053348604456276	0.00365535248041775	130
mtarjeta_master_consumo_delta1_-_mactivos_margen_lag1	0.00187084841075123	0.00280017076088334	0.00339425587467363	131
ctrx_quarter_delta2/cliente_antiguedad	0.0018704971502384	0.00175133830400647	0.00339425587467363	132
Master_mpagominimo_lag1/kmes	0.00186361611826642	0.00425120637327341	0.00234986945169713	133
mcuentas_saldo_delta2/kmes_delta2	0.00185327847267685	0.00144050814724577	0.00339425587467363	134
cliente_edad_lag2_-_ccomisiones_mantenimiento_delta2	0.00183072925833553	0.00246477651878592	0.002088772845953	135
mtarjeta_master_consumo_delta2_-_mcuenta_corriente_delta1	0.00180250985952484	0.00611875169637279	0.00391644908616188	136
ccomisiones_mantenimiento/cproductos	0.00173560532023929	0.00104032950426032	0.00130548302872063	137
cproductos_lag1_-_cpayroll_trx_delta1	0.00171247428974859	0.0027110922096623	0.00391644908616188	138
ctarjeta_visa_transacciones_lag1_-_cpayroll_trx_delta1	0.00160038645123117	0.00166266465529098	0.00234986945169713	139
mcuentas_saldo_lag1_-_mtarjeta_master_consumo_delta2	0.00157897576485278	0.00277817105808178	0.00287206266318538	140
kmes_-_cproductos	0.00157743556227794	0.00296874517069407	0.0031331592689295	141
mrentabilidad_lag2_-_cliente_edad_lag2	0.00156301086047277	0.0015198690383336	0.00234986945169713	142
canarito15	0.00155143332999123	0.00196634153445363	0.00339425587467363	143
mtarjeta_master_consumo_delta1_-_mrentabilidad_delta2	0.00154209993934348	0.00471873379968204	0.00339425587467363	144
cliente_antiguedad/cproductos	0.00145225095840287	0.000860552791796027	0.00182767624020888	145
mactivos_margen_delta1_-_cpayroll_trx_lag2	0.00143216387977182	0.00406630089573882	0.00287206266318538	146
Visa_status_delta2_-_kmes_lag2	0.0013888940834376	0.000791989300856193	0.00156657963446475	147
canarito16	0.00138187158353592	0.002419697373168	0.00365535248041775	148
mcuentas_saldo_delta1_-_mcuentas_saldo_lag1	0.0013741516035602	0.0089522594302131	0.00417754569190601	149
cproductos_lag1_-_cdescubierto_preacordado_delta2	0.00133021878212751	0.0029146232024522	0.0031331592689295	150
cpayroll_trx/ctrx_quarter	0.0012742516431094	0.00503604239653155	0.00261096605744125	151
kmes/cproductos	0.00122110859513052	0.000997004936166445	0.00182767624020888	152
mpayroll_delta2_-_mpayroll_sobre_edad_lag1	0.00120839286147869	0.00293675787275561	0.0031331592689295	153
internet_lag1_-_cproductos_lag2	0.00115235494402511	0.00296442621063487	0.0031331592689295	154
cliente_edad_lag1/ccomisiones_mantenimiento	0.00110405551636854	0.000996195131155345	0.00234986945169713	155
ctarjeta_visa_transacciones_lag2/cliente_antiguedad	0.00107240092589629	0.00243008987081046	0.00234986945169713	156
mtarjeta_visa_consumo_lag1/kmes_lag1	0.000996525317254217	0.00111186228024085	0.002088772845953	157
mcuentas_saldo_delta2_-_mcaja_ahorro	0.000914426852809545	0.000931815632772863	0.002088772845953	158
cproductos_-_cliente_antiguedad	0.000897379789931821	0.00122226569675421	0.00182767624020888	159
internet_delta1_-_ctarjeta_visa_transacciones_delta2	0.00087091410831002	0.00139529403412599	0.00156657963446475	160
cliente_edad_lag1_-_ccomisiones_mantenimiento_lag1	0.000843575809368621	0.00143834866721616	0.00182767624020888	161
ctrx_quarter_lag2_-_cpayroll_trx_lag2	0.000824238956908472	0.00130108671783465	0.00261096605744125	162
Master_fechaalta_delta1/ctrx_quarter	0.00076424170424596	0.00181922695743705	0.00417754569190601	163
mtarjeta_master_consumo_delta1/ctrx_quarter	0.00076270361113615	0.00142890094208666	0.00130548302872063	164
cpayroll_trx_-_cliente_edad	0.000753494007788333	0.00261229599830805	0.00182767624020888	165
cliente_edad_lag1_-_cdescubierto_preacordado_delta1	0.00074500141346313	0.000427307110857312	0.0010443864229765	166
mpayroll_sobre_edad_lag2_-_cpayroll_trx_lag1	0.000661623025566868	0.00476124856276481	0.00652741514360313	167
Master_fechaalta_delta1_-_Master_status_lag2	0.000598754109019771	0.000352535114832375	0.000522193211488251	168
mcuenta_corriente_delta1_-_mcuentas_saldo_lag1	0.00059719795151198	0.0014023123442222	0.00130548302872063	169
cliente_edad/ctrx_quarter	0.000566737123533607	0.00149570985550244	0.002088772845953	170
ctarjeta_visa_transacciones_lag1/kmes	0.00053526581275821	0.00166037020775952	0.00234986945169713	171
internet_lag2_-_Master_status_delta2	0.000507148298929959	0.000171273759847735	0.000261096605744125	172
cproductos/cliente_antiguedad	0.000437280994787896	0.00108446387736529	0.00130548302872063	173
Master_mpagominimo_lag2/cliente_antiguedad	0.00042926908042041	0.000470226776445634	0.0010443864229765	174
cproductos_-_cliente_edad	0.000410845054459364	0.00103223145414931	0.0010443864229765	175
cliente_antiguedad_-_cproductos	0.000404878490307806	0.000297603341579398	0.000783289817232376	176
cliente_antiguedad_+_cproductos	0.000401834441793184	0.000823976598794659	0.0010443864229765	177
mpayroll_lag1/cpayroll_trx	0.000317311921400153	0.00351347400816095	0.00156657963446475	178
mtarjeta_visa_consumo_delta1/cliente_antiguedad	0.00030910447571724	0.00203665960291751	0.00130548302872063	179
cliente_antiguedad_+_cpayroll_trx	0.000303086968717451	0.000190844047615995	0.000522193211488251	180
cpayroll_trx_+_kmes	0.000299710717314425	0.000471036581456734	0.000783289817232376	181
mcaja_ahorro/cpayroll_trx	0.000292073772639163	0.000489257194206493	0.000783289817232376	182
Master_mpagominimo/Master_fechaalta_delta2	0.00024924598133645	0.00042204337828516	0.000522193211488251	183
cliente_edad_delta2/cpayroll_trx	0.000221361675688276	0.000189494372597494	0.000261096605744125	184
cdescubierto_preacordado_delta1_-_internet_lag2	0.00021921804587155	0.00119621696889714	0.000522193211488251	185
mtarjeta_master_consumo_lag2/cproductos	0.000179053182723434	0.000290585031483194	0.000261096605744125	186
cpayroll_trx_lag1_-_internet_delta1	0.000152690677618177	0.000594666813151395	0.0010443864229765	187
mpayroll_sobre_edad_lag2/cliente_antiguedad	0.000142106087847689	0.0011014697825984	0.002088772845953	188
cproductos/ccomisiones_mantenimiento	0.00014100957771944	0.000150083862057275	0.000522193211488251	189
mtarjeta_master_consumo_delta1_-_Master_mpagominimo_lag2	0.000118930926733891	0.000571587370335034	0.000261096605744125	190
cliente_antiguedad_+_ccomisiones_mantenimiento	0.000117069400007501	0.000102440333904201	0.000261096605744125	191
cpayroll_trx_delta2/ccomisiones_mantenimiento	0.000111705112948218	9.08331287450951e-05	0.000261096605744125	192
Visa_status_delta2/ctrx_quarter	9.96925939944382e-05	0.000183690770017941	0.000261096605744125	193
cproductos/kmes	9.74677846157279e-05	9.78514388412986e-05	0.000261096605744125	194
ctrx_quarter_+_cliente_edad	9.01165401405442e-05	0.000149004122042474	0.000522193211488251	195
ctrx_quarter_+_kmes	7.62813372476146e-05	0.000829510266370512	0.000783289817232376	196
mpayroll_sobre_edad_delta2_-_cdescubierto_preacordado_lag1	3.71303784242847e-05	0.000590752755597743	0.0010443864229765	197
cdescubierto_preacordado_lag1_-_internet_lag1	3.57407106742612e-05	7.20726459879358e-05	0.000261096605744125	198
Visa_status_delta2_-_cpayroll_trx_lag2	8.51767892294758e-06	9.56919588116975e-05	0.000261096605744125	199
mpayroll/cproductos	7.03114335529895e-06	0.000957054555618825	0.00156657963446475	200
internet_delta2/cpayroll_trx	1.71699944668752e-07	9.16429337561955e-05	0.000261096605744125	201
mpayroll_sobre_edad_delta1_-_Master_status_lag2	1.56992933979235e-10	8.11154686118903e-05	0.000261096605744125	202
