Feature	Gain	Cover	Frequency	pos
ctrx_quarter_+_cpayroll_trx	0.182116297771927	0.024121704566978	0.0124521072796935	1
ccomisiones_mantenimiento/cpayroll_trx	0.0947579136774642	0.0871185883737445	0.0373563218390805	2
cproductos_+_ctrx_quarter	0.08805258303862	0.012959302811124	0.0114942528735632	3
kmes/ctrx_quarter	0.0395336031707318	0.0100570783546019	0.00862068965517241	4
cliente_edad_-_ctrx_quarter	0.0290081722835543	0.0280380973590685	0.0201149425287356	5
mcaja_ahorro_lag2/cliente_edad_lag2	0.0242253772311418	0.0138266405319089	0.00670498084291188	6
Master_mpagominimo_lag2_-_mtarjeta_visa_consumo	0.0202105671625627	0.0191316470192021	0.0201149425287356	7
mprestamos_personales_lag2_-_cdescubierto_preacordado_delta2	0.0172319185347205	0.0233045840081264	0.0134099616858238	8
mprestamos_personales_lag2/cpayroll_trx	0.0165662570003753	0.00490490670797574	0.00478927203065134	9
mcuentas_saldo/ctrx_quarter	0.0157242659307407	0.0127829969056403	0.014367816091954	10
cproductos_-_ccomisiones_mantenimiento	0.0156247046057897	0.00983110112590152	0.00766283524904215	11
mcomisiones_delta1_-_mtarjeta_visa_consumo_lag1	0.0152258161754061	0.00762427519441411	0.00862068965517241	12
mrentabilidad_annual_delta1/ccomisiones_mantenimiento_lag1	0.0140825430869159	0.0117491783762717	0.0181992337164751	13
mpayroll_sobre_edad_delta2_-_ccomisiones_mantenimiento_delta2	0.0138956618294249	0.0116662108913383	0.010536398467433	14
mtarjeta_visa_consumo_lag2/ccomisiones_mantenimiento	0.0123092741294776	0.00423952931235784	0.00478927203065134	15
Visa_mpagominimo_delta2/cpayroll_trx	0.0114528538020528	0.0145018430244268	0.0124521072796935	16
mpasivos_margen_delta2_-_mcuentas_saldo	0.0113393036411704	0.00471495483457539	0.00670498084291188	17
mpasivos_margen_lag1/cproductos	0.0110540292900263	0.00150433150313612	0.0028735632183908	18
cliente_antiguedad_lag2_-_mactivos_margen_lag2	0.0107256781094015	0.0122890128670561	0.0153256704980843	19
mpayroll_sobre_edad_lag2_-_mcaja_ahorro_lag2	0.0104213561367426	0.0100805494194187	0.0153256704980843	20
Master_mpagominimo/Visa_mpagominimo_lag2	0.00997627525418105	0.0156835838460123	0.00862068965517241	21
mrentabilidad_annual_lag2/cliente_edad_lag2	0.00957168577104822	0.0040561275035575	0.00574712643678161	22
mrentabilidad_annual/kmes	0.00923498252428861	0.0103452811970025	0.0124521072796935	23
cproductos_delta1/kmes	0.00887360719631768	0.0312738292714745	0.010536398467433	24
chomebanking_transacciones_delta1/ccomisiones_mantenimiento	0.00820106558669165	0.0139914838243426	0.0153256704980843	25
mcaja_ahorro_-_mcuenta_corriente_delta2	0.00779708999369467	0.00810024655534832	0.00766283524904215	26
mrentabilidad_annual_delta1/Visa_fechaalta_delta1	0.0074711064149445	0.00255561687143806	0.00574712643678161	27
mrentabilidad/Visa_fechaalta_lag1	0.00745215117250987	0.0171611692520317	0.0134099616858238	28
mcuenta_corriente_-_Visa_mpagominimo_delta1	0.00742295459015393	0.00790538213349796	0.00862068965517241	29
cproductos_-_cpayroll_trx	0.00729037746788597	0.00884313304873303	0.00574712643678161	30
Master_mpagominimo_lag2_-_cliente_antiguedad_lag1	0.00697480194283326	0.00813026768476504	0.00957854406130268	31
mtarjeta_master_consumo_lag1_-_mprestamos_personales_lag1	0.00682036113513534	0.0119227550881721	0.00670498084291188	32
Visa_mpagominimo_-_Master_status_lag1	0.00656847743671464	0.0468002115670866	0.0469348659003831	33
mrentabilidad_annual_lag2/cliente_edad	0.0064344528805562	0.0103223559709024	0.0124521072796935	34
mcaja_ahorro_-_cliente_antiguedad_delta1	0.00637068574289165	0.00189733537913684	0.00383141762452107	35
mcuentas_saldo_-_mtarjeta_visa_consumo_delta2	0.00551910711192076	0.00611230194924464	0.00574712643678161	36
mcuenta_corriente_lag1/ccomisiones_mantenimiento	0.00550619440807708	0.00501298277387594	0.010536398467433	37
mrentabilidad_annual_delta2/Visa_mpagominimo_lag2	0.00547441932126218	0.01258976999994	0.0114942528735632	38
mtarjeta_visa_consumo_delta2/kmes	0.00546496016127654	0.0142081817948596	0.014367816091954	39
mcuenta_corriente/mcaja_ahorro_delta2	0.00516598598790147	0.0138817702422923	0.00766283524904215	40
Visa_mpagominimo_lag2_-_mrentabilidad_annual_lag1	0.00476745253085033	0.00268825567958831	0.00574712643678161	41
mrentabilidad_annual_delta2_-_mpayroll_sobre_edad_lag1	0.00472683043093088	0.00348135933490644	0.00766283524904215	42
Visa_mpagominimo_lag1_-_kmes_delta1	0.00470875278493032	0.00118174082158552	0.00191570881226054	43
mrentabilidad_annual/mrentabilidad_delta1	0.00470619792171432	0.0082694565575153	0.00862068965517241	44
cdescubierto_preacordado_delta2_-_mrentabilidad_annual_delta1	0.00458310772846641	0.00349773449640647	0.00478927203065134	45
mtarjeta_visa_consumo_-_mtarjeta_visa_consumo_lag1	0.00428245753773053	0.0142185527304763	0.00574712643678161	46
mpayroll_sobre_edad_lag1_-_chomebanking_transacciones_lag2	0.0042682328925238	0.00931419186121723	0.00670498084291188	47
canarito40	0.00418880806512576	0.00446550654105826	0.00862068965517241	48
mcuenta_corriente_-_Master_mpagominimo_delta2	0.00418497770424302	0.0150629652251612	0.00862068965517241	49
canarito5	0.0041718665019369	0.00948776857311755	0.00862068965517241	50
mcaja_ahorro_-_mpayroll_lag2	0.00400911761849571	0.00362491491739004	0.00383141762452107	51
canarito36	0.00400587860655421	0.0097656004799014	0.00957854406130268	52
mcomisiones_lag2_-_Visa_fechaalta_delta2	0.00393951271749242	0.00215933796313733	0.00383141762452107	53
mcomisiones_delta1/ctrx_quarter	0.00390769025120707	0.00542836603726004	0.00957854406130268	54
cliente_edad_-_cproductos	0.0038178526599334	0.0155809661672788	0.00766283524904215	55
canarito24	0.00331904586060177	0.00989987680420165	0.00957854406130268	56
canarito31	0.0032843519055742	0.00669252850506238	0.00862068965517241	57
Visa_mpagominimo_lag1_-_mpayroll_sobre_edad_delta2	0.00320969233321078	0.00461724970429188	0.00670498084291188	58
canarito23	0.00317101848559658	0.00303377158723895	0.00670498084291188	59
canarito17	0.00301582150006496	0.00481429748100891	0.00766283524904215	60
canarito39	0.00297648602941557	0.00961931570383446	0.00670498084291188	61
mpayroll_lag2_-_Master_fechaalta_lag2	0.00293125127023585	0.0041052529880576	0.00478927203065134	62
mcuenta_corriente_lag2/ccomisiones_mantenimiento	0.00288637709598864	0.00260310483978815	0.00574712643678161	63
mpasivos_margen/mrentabilidad_lag1	0.00276782377040931	0.0140962848579427	0.00862068965517241	64
mactivos_margen_lag1_-_Master_status_lag2	0.00270999688011195	0.00280288181008852	0.00478927203065134	65
mcaja_ahorro_delta2_-_mpayroll	0.00255173407873228	0.00210639160762056	0.00383141762452107	66
mrentabilidad_lag2_-_mpayroll_delta2	0.00245250809097202	0.00369369059569017	0.00670498084291188	67
mpasivos_margen_delta2_-_Master_fechaalta_lag2	0.00243377173518503	0.0029568083281888	0.00478927203065134	68
mrentabilidad_delta1/ctrx_quarter_lag1	0.00236931814744919	0.00397534337349069	0.00478927203065134	69
mpasivos_margen_lag1_-_mpayroll_sobre_edad	0.00236367933352669	0.00267679306653829	0.00478927203065134	70
mpasivos_margen_lag2_-_ctarjeta_visa_transacciones_delta2	0.00234347050141887	0.00181000118447002	0.0028735632183908	71
ccomisiones_mantenimiento_delta1_-_Visa_mpagominimo_delta2	0.00233282847040843	0.00586230781701085	0.00766283524904215	72
Master_mpagominimo_lag1_-_mprestamos_personales_lag2	0.00228960595738426	0.00830111520308202	0.00383141762452107	73
cliente_antiguedad/kmes	0.00228426983300941	0.00646545959892863	0.00478927203065134	74
mrentabilidad_delta1/ccomisiones_mantenimiento	0.00226701842706806	0.00246773683805457	0.00478927203065134	75
cproductos_delta2_-_mpayroll_lag2	0.00212788145135407	0.00633500414564505	0.00383141762452107	76
mpayroll_delta2_-_mcuenta_corriente	0.0020629269272583	0.0039988144383074	0.00383141762452107	77
canarito29	0.00203712826269421	0.00260910906567149	0.00478927203065134	78
canarito35	0.00197807908743716	0.00876016556379954	0.00766283524904215	79
canarito33	0.0019550063473007	0.00274720626098842	0.00574712643678161	80
Master_mpagominimo_delta2_-_mrentabilidad_annual_delta1	0.00195342519461936	0.0029906503286222	0.0028735632183908	81
mcomisiones/kmes	0.00191474715926726	0.00339893768868962	0.00478927203065134	82
cliente_antiguedad_delta2/cproductos	0.00177358002079301	0.00413691163362432	0.00383141762452107	83
mrentabilidad_lag1/cliente_antiguedad	0.00168899843414569	0.00156328208453623	0.00383141762452107	84
internet_lag1/ccomisiones_mantenimiento	0.00168456542863378	0.000320953165400594	0.000957854406130268	85
canarito27	0.00168042090335318	0.00329577417123943	0.00574712643678161	86
mcaja_ahorro_lag1/mcuentas_saldo_delta2	0.0016748506710299	0.00179908441013666	0.00383141762452107	87
mtarjeta_master_consumo_lag1/Master_mpagominimo_lag1	0.00167378227944939	0.00525751851894306	0.00191570881226054	88
canarito30	0.00158672676185727	0.00217243809233735	0.00383141762452107	89
canarito34	0.00157492329221417	0.00159657824625295	0.00383141762452107	90
ctrx_quarter_-_cproductos	0.00156497901747	0.00111569433686873	0.0028735632183908	91
canarito20	0.00153875423934499	0.00166862895685309	0.00383141762452107	92
mcuentas_saldo_lag1/Master_fechaalta_delta1	0.00152373275485855	0.0015469069230362	0.00383141762452107	93
mrentabilidad_annual_delta2_-_ctrx_quarter_delta2	0.00149827755425406	0.0014775854060194	0.00191570881226054	94
chomebanking_transacciones_lag2/cpayroll_trx	0.00145572236579744	0.00690540560456278	0.00383141762452107	95
ctarjeta_visa_transacciones_lag1/cliente_antiguedad	0.00138366135262603	0.00123414133838562	0.0028735632183908	96
cliente_antiguedad/cproductos	0.00133926392660257	0.00180017608757	0.00383141762452107	97
kmes/cliente_antiguedad	0.00131317394941049	0.00244426577323786	0.0028735632183908	98
cliente_edad_+_cliente_edad	0.00130222861681742	0.00210311657532056	0.00383141762452107	99
mcuenta_corriente_delta2_-_mtarjeta_visa_consumo_lag2	0.00128982557172953	0.000341695036633966	0.000957854406130268	100
canarito6	0.0012155074905917	0.00191807725037022	0.00478927203065134	101
mcaja_ahorro_delta1/kmes	0.00118522214488264	0.00225704309342084	0.00191570881226054	102
mrentabilidad_lag2/ccomisiones_mantenimiento_lag1	0.00116905239862699	0.000995609819201842	0.00191570881226054	103
canarito11	0.0011610921378944	0.000884804559718304	0.00191570881226054	104
canarito7	0.00111605410175563	0.00152834840666949	0.0028735632183908	105
canarito4	0.00110572450935188	0.00140171382440259	0.00383141762452107	106
mcuentas_saldo_lag2_-_Master_fechaalta_delta2	0.00102550709893009	0.00080347459093482	0.00191570881226054	107
mprestamos_personales_lag1/internet_lag1	0.000997879131175609	0.0040190104708241	0.00191570881226054	108
canarito12	0.000977183581931683	0.00113916540168544	0.0028735632183908	109
mtarjeta_visa_consumo_lag1_-_mcuentas_saldo_delta2	0.000956232522664413	0.0246347929606456	0.0325670498084291	110
mcuenta_corriente_lag1_-_Master_status_delta2	0.000944542077544768	0.0016768165376031	0.00191570881226054	111
canarito10	0.000928846020081198	0.00124997066116898	0.0028735632183908	112
cliente_edad_+_ccomisiones_mantenimiento	0.000926140309447175	0.0017679716032866	0.00191570881226054	113
canarito37	0.000925483165719316	0.0012073952412689	0.0028735632183908	114
canarito3	0.000896150563488814	0.00325865713850603	0.0028735632183908	115
Master_mpagominimo_-_mtarjeta_visa_consumo_lag1	0.000878800477503249	0.0129341942301573	0.0114942528735632	116
canarito14	0.000871267326011009	0.000661556524601224	0.00191570881226054	117
canarito1	0.000863809572965629	0.000839499946234886	0.00191570881226054	118
canarito18	0.000818883642011839	0.000930655011918388	0.00191570881226054	119
cliente_antiguedad/ccomisiones_mantenimiento	0.000804952226685173	0.00166098721481974	0.0028735632183908	120
mcuenta_corriente_lag2/Visa_mpagominimo_lag2	0.000795336131789342	0.00104036859396859	0.00191570881226054	121
internet_delta2_-_Visa_mpagominimo_delta2	0.000783569580906499	0.00234928983653768	0.0028735632183908	122
canarito19	0.000746562894188852	0.000945392657268416	0.00191570881226054	123
canarito21	0.000727354228731821	0.000846050010834899	0.000957854406130268	124
mcuenta_corriente_lag1/Master_fechaalta_delta2	0.000712662235524014	0.000374445359634026	0.000957854406130268	125
mpayroll_sobre_edad_delta1/cpayroll_trx	0.000691698756156139	0.00167790821503644	0.00191570881226054	126
cliente_edad/ccomisiones_mantenimiento	0.000672702855941306	0.00143500998611932	0.0028735632183908	127
Master_fechaalta_lag2/ccomisiones_mantenimiento	0.000667928367129789	0.00105510623931862	0.00191570881226054	128
mcaja_ahorro_delta1/ccomisiones_mantenimiento	0.000663028790363705	0.00113097782093543	0.0028735632183908	129
canarito8	0.00065390257705499	0.00265004696942157	0.0028735632183908	130
mcuenta_corriente_delta2_-_mrentabilidad_delta2	0.000643030490350749	0.000960676141335111	0.00191570881226054	131
kmes_-_cproductos	0.000622876254434984	0.000467783780184199	0.000957854406130268	132
mpayroll_sobre_edad_lag2_-_mpayroll_lag2	0.000616651935834011	0.00333671207498951	0.0028735632183908	133
cproductos_+_cproductos	0.000599760583783934	0.00203870760675377	0.000957854406130268	134
canarito9	0.000586158247584478	0.000835133236501545	0.00191570881226054	135
mcuentas_saldo_lag1/mtarjeta_master_consumo_lag1	0.000577329718561506	0.000355886843267325	0.000957854406130268	136
mcaja_ahorro/mcuentas_saldo_delta2	0.000573587510525726	0.000736336428784696	0.000957854406130268	137
mcaja_ahorro_delta1_-_mpasivos_margen_delta1	0.000570639486563418	0.000492346522434244	0.000957854406130268	138
mcomisiones_-_mcuenta_corriente_lag2	0.000570546713154563	0.00307034278125568	0.00574712643678161	139
cproductos_+_cliente_antiguedad	0.000569222509997361	0.000503263296767598	0.000957854406130268	140
mcuentas_saldo_delta1/ccallcenter_transacciones_lag2	0.000554202206483252	0.000998884851501848	0.0028735632183908	141
mcuentas_saldo_lag2_-_Visa_mpagominimo_lag1	0.000546241517747273	0.000605335136784453	0.000957854406130268	142
mtarjeta_master_consumo_delta2/ccomisiones_mantenimiento	0.000544227728333388	0.00114953633730213	0.00191570881226054	143
mactivos_margen_delta1/cliente_antiguedad	0.000535287024537923	0.000658281492301218	0.00191570881226054	144
mcuentas_saldo_lag2/ctrx_quarter	0.00053003310851846	0.00083404155906821	0.00191570881226054	145
kmes_lag1/ctrx_quarter	0.000521197668033292	0.000795287010184805	0.00191570881226054	146
Visa_mpagominimo/cliente_edad_delta2	0.000494875059355884	0.00102890598091857	0.00191570881226054	147
cproductos_+_ccomisiones_mantenimiento	0.000475051933135252	0.00114899049858546	0.0028735632183908	148
mrentabilidad_lag2/mpayroll_sobre_edad_lag2	0.000459126055902185	0.000467783780184199	0.000957854406130268	149
mcuenta_corriente_lag1/cliente_edad	0.000458947752859103	0.000727057170601345	0.000957854406130268	150
canarito38	0.000448517012949823	0.00273519780922173	0.00383141762452107	151
cliente_edad_-_cliente_antiguedad	0.000428108428091845	0.000556209652284362	0.000957854406130268	152
kmes_+_kmes	0.000419644042770346	0.000736882267501363	0.000957854406130268	153
canarito26	0.000417936911607865	0.00168227492476978	0.00191570881226054	154
canarito2	0.000380683520896405	0.00115663224061881	0.00191570881226054	155
cliente_edad_+_kmes	0.000379665443529096	0.0024486324829712	0.00574712643678161	156
ccomisiones_mantenimiento_-_cliente_antiguedad	0.000376285682169	0.00269589742162165	0.000957854406130268	157
mrentabilidad_lag1_-_kmes_delta1	0.000375313242608379	0.00120794107998557	0.0028735632183908	158
canarito15	0.000350105158481361	0.000743978170818043	0.000957854406130268	159
mcuentas_saldo_delta2/cproductos	0.000335050133800942	0.00168172908605311	0.0028735632183908	160
Master_mpagominimo_lag2_-_mpayroll_delta2	0.00029323146674527	0.000697581879901291	0.00191570881226054	161
mpasivos_margen_lag1_-_mactivos_margen_delta2	0.000267375621774957	0.000325319875133935	0.000957854406130268	162
mtarjeta_master_consumo_-_mcuenta_corriente_lag2	0.00023451104836046	0.000334053294600618	0.000957854406130268	163
canarito25	0.000191491159183002	0.000450862779967501	0.000957854406130268	164
cliente_antiguedad_+_ctrx_quarter	8.84148484419437e-05	0.000475425522217546	0.000957854406130268	165
Master_status_lag1_-_mpayroll_lag1	4.1428971073904e-05	0.0015501819553362	0.00191570881226054	166
ccomisiones_mantenimiento_-_cpayroll_trx	2.66189378667611e-05	0.000379903746800703	0.000957854406130268	167
canarito22	2.29927378938468e-05	0.00855438436761583	0.0153256704980843	168
Visa_fechaalta_delta2_-_Visa_mpagominimo_delta1	1.61310274279833e-05	0.00134057988813581	0.00191570881226054	169
cpayroll_trx/cliente_edad	9.56003140510562e-06	0.000683390073267931	0.000957854406130268	170
Master_mpagominimo_lag2/Master_mpagominimo_delta2	6.03225455528608e-06	0.000981418012568482	0.000957854406130268	171
cliente_edad_-_kmes	3.2002688021933e-06	0.000963951173635117	0.000957854406130268	172
mpayroll_sobre_edad_-_cpayroll_trx_lag1	1.15827000191615e-06	0.00205289941338713	0.0028735632183908	173
mcaja_ahorro_-_Master_mpagominimo_lag2	4.69042799910538e-08	0.00321771923475595	0.00383141762452107	174
ctrx_quarter_-_kmes	3.86342762793852e-08	0.000836770752651548	0.000957854406130268	175
kmes_+_ctrx_quarter	1.07248136265602e-09	0.000703040267067967	0.000957854406130268	176
mrentabilidad_annual_lag1_-_mcaja_ahorro_lag2	4.37204764861964e-10	0.000588959975284423	0.000957854406130268	177
mtarjeta_visa_consumo_lag2_-_mcomisiones	3.59633924046465e-10	0.000872796107951615	0.00191570881226054	178
mpayroll_lag1/Visa_fechaalta_lag2	7.28320345486087e-12	0.000888625430734977	0.00191570881226054	179
mcaja_ahorro_lag1/cproductos	4.30780422906698e-12	0.000283836132667192	0.000957854406130268	180
