Feature	Gain	Cover	Frequency	pos
ctrx_quarter_+_cpayroll_trx	0.132298756128009	0.0201567792861937	0.00932400932400932	1
cpayroll_trx/ccomisiones_mantenimiento	0.0827359199087794	0.0805223981559051	0.0337995337995338	2
ctrx_quarter_+_cproductos	0.0715352707032958	0.00910795031766928	0.00466200466200466	3
ccomisiones_mantenimiento_-_ctrx_quarter	0.0515009440559996	0.00430258454269673	0.00233100233100233	4
kmes/ctrx_quarter	0.0361781439683899	0.00945202699538456	0.00582750582750583	5
mtarjeta_visa_consumo	0.0321105646746055	0.0295040872927084	0.0198135198135198	6
ctrx_quarter_-_ccomisiones_mantenimiento	0.0264023712273365	0.00446844381078254	0.00233100233100233	7
mcaja_ahorro_delta2/ccomisiones_mantenimiento_delta2	0.0253352368870622	0.00136004599830368	0.0034965034965035	8
mcaja_ahorro/kmes	0.0230986891916064	0.00784286688070101	0.0034965034965035	9
ctrx_quarter/ccomisiones_mantenimiento	0.021391488899263	0.00670982042969909	0.00233100233100233	10
mtarjeta_visa_consumo/ccomisiones_mantenimiento_lag2	0.0164060073505161	0.0070701578199718	0.00815850815850816	11
Visa_mpagominimo_delta2/cdescubierto_preacordado_lag1	0.0132257260863166	0.013266139732856	0.0104895104895105	12
mtarjeta_visa_consumo/kmes	0.0117577219450956	0.0037282561751682	0.0034965034965035	13
mprestamos_personales/cliente_antiguedad	0.0117104686677753	0.0165501532409551	0.00932400932400932	14
Visa_fechaalta_lag1/cliente_antiguedad	0.0115612616965886	0.0079885628652156	0.00932400932400932	15
mprestamos_personales	0.0112870849192395	0.00967122140065875	0.00699300699300699	16
mcaja_ahorro/Master_fechaalta_lag2	0.0112446424512085	0.00263098329179263	0.0034965034965035	17
mpasivos_margen_lag2/cliente_antiguedad	0.0104307604484275	0.00332043750422779	0.00466200466200466	18
ccomisiones_mantenimiento_+_cpayroll_trx	0.00991896310981619	0.010323601188463	0.00466200466200466	19
Master_mpagominimo/chomebanking_transacciones_lag2	0.00745952706146733	0.0135575317018852	0.00699300699300699	20
mcaja_ahorro_lag2/cliente_antiguedad	0.00719910546742748	0.00351231391240549	0.00116550116550117	21
mpasivos_margen_lag2/kmes	0.00708745774473105	0.00307847810137318	0.00233100233100233	22
mrentabilidad_annual_delta2/ctrx_quarter	0.0069878465362643	0.00127744157851192	0.0034965034965035	23
mcomisiones_lag2/ccomisiones_mantenimiento	0.00697402683938545	0.0075293603425937	0.0034965034965035	24
mrentabilidad_annual_delta2_-_mprestamos_personales_delta1	0.00623514722169866	0.00384793501959091	0.00699300699300699	25
mcuentas_saldo/ctrx_quarter	0.00612352761789044	0.00528408115266338	0.00815850815850816	26
mrentabilidad_annual_lag2/kmes	0.00605840618894965	0.00713455024169923	0.00815850815850816	27
chomebanking_transacciones	0.00595525024118007	0.00841329267721575	0.00815850815850816	28
mcaja_ahorro/cliente_edad	0.00561993164740998	0.0035597951930732	0.00582750582750583	29
Visa_mpagominimo	0.00534683171167744	0.036343993422867	0.0326340326340326	30
mrentabilidad_annual_lag1/Master_fechaalta_delta1	0.00471189550909644	0.0137377003970216	0.013986013986014	31
mtarjeta_visa_consumo_lag1/kmes	0.00471083019204797	0.00250480016234695	0.0034965034965035	32
mcaja_ahorro_lag2/kmes	0.00453014150235663	0.00405021828380537	0.00466200466200466	33
mrentabilidad_annual_lag2/cliente_edad_lag2	0.00450139409079395	0.00448470452333998	0.00582750582750583	34
mactivos_margen_lag2/ccomisiones_mantenimiento_lag1	0.00447518832904893	0.00766074690005776	0.00466200466200466	35
mcuentas_saldo/Master_fechaalta_lag1	0.00444556244471624	0.00261602343623979	0.0034965034965035	36
mpayroll/ctarjeta_visa_transacciones_delta2	0.00441146289047134	0.0153019809450466	0.00699300699300699	37
mactivos_margen/mrentabilidad_annual_delta2	0.0043893506736445	0.0033900333539736	0.00582750582750583	38
canarito5	0.00429650334304539	0.00841199182021116	0.00932400932400932	39
cdescubierto_preacordado_lag1/cliente_edad	0.00425106762406775	0.00880940363511481	0.00699300699300699	40
chomebanking_transacciones_delta2/cliente_edad	0.00418586175617465	0.00567759039655325	0.00582750582750583	41
mpasivos_margen/ccomisiones_mantenimiento	0.00417593201124235	0.00205665492426411	0.00233100233100233	42
mprestamos_personales_lag2/cproductos	0.00408130195253573	0.000755797919669478	0.00116550116550117	43
ctrx_quarter_-_cliente_edad	0.00375229328050302	0.00351231391240549	0.00116550116550117	44
ccomisiones_mantenimiento_lag2/cliente_edad	0.00374800228173798	0.00320466123081886	0.00466200466200466	45
mrentabilidad_annual_delta1/ccomisiones_mantenimiento_lag1	0.0036742395101498	0.0016455841108122	0.0034965034965035	46
Visa_mpagominimo/cpayroll_trx	0.00353339143308727	0.0170054531925633	0.0104895104895105	47
chomebanking_transacciones_delta2/ctrx_quarter	0.00348200368082888	0.00670201528767152	0.00466200466200466	48
mrentabilidad_annual_delta2/mcuentas_saldo_lag2	0.00346751963995015	0.00631370947180002	0.00699300699300699	49
cliente_edad/ccomisiones_mantenimiento	0.00328884712249487	0.012410826252335	0.00582750582750583	50
cliente_edad/cproductos	0.00316605488804448	0.00950341084706605	0.00815850815850816	51
mprestamos_personales/kmes	0.00307646191544021	0.00107776002830665	0.00116550116550117	52
cproductos_lag2/cproductos	0.00299164374998228	0.00806921599950047	0.0034965034965035	53
canarito92	0.0028704037560335	0.00168981324896842	0.0034965034965035	54
mprestamos_personales/cliente_edad	0.00284642470798309	0.00263033286329034	0.00233100233100233	55
cproductos_lag1/cproductos	0.0027922312405872	0.0105369417372165	0.0034965034965035	56
kmes_lag1/cliente_antiguedad	0.00277134708840537	0.00199096164553208	0.0034965034965035	57
mrentabilidad_annual_delta2/ccallcenter_transacciones_delta2	0.00276379531740954	0.00468438607354525	0.0034965034965035	58
mprestamos_personales/mtarjeta_master_consumo_delta2	0.00272144869497571	0.001041336032178	0.00116550116550117	59
ctarjeta_visa_transacciones	0.00269864796673641	0.00486845733969539	0.00582750582750583	60
Master_fechaalta	0.00267715784107652	0.0029770112550148	0.0034965034965035	61
Visa_fechaalta_lag2/ctrx_quarter	0.00257455650075942	0.00590458994385501	0.0034965034965035	62
canarito62	0.00254361707177485	0.00298806853955386	0.00582750582750583	63
ccomisiones_mantenimiento_lag2/ccomisiones_mantenimiento	0.00249589684203262	0.00163777896878464	0.0034965034965035	64
canarito17	0.00249204399009072	0.00325539465399805	0.00466200466200466	65
mcuentas_saldo_delta2/ccomisiones_mantenimiento_delta2	0.00246095299496964	0.00529318715169554	0.0034965034965035	66
canarito232	0.0024285683742529	0.0012117482997799	0.00233100233100233	67
mrentabilidad_delta2/mcuenta_corriente_lag2	0.00242709089438824	0.00234154260827033	0.0034965034965035	68
mrentabilidad_annual/ccomisiones_mantenimiento	0.00218509422535161	0.000906697332202455	0.00233100233100233	69
cproductos_-_ccomisiones_mantenimiento	0.00209513840022189	0.00329051779312211	0.0034965034965035	70
mrentabilidad_annual_lag2/ccomisiones_mantenimiento	0.00202991702172876	0.000497577804257445	0.00116550116550117	71
mcomisiones/mcomisiones_lag1	0.0020126605214196	0.0113545303646042	0.00932400932400932	72
cproductos/cliente_edad	0.00200383855541696	0.00120069101524084	0.00233100233100233	73
canarito155	0.00200288878275848	0.00153436083691936	0.0034965034965035	74
cliente_edad_+_ctrx_quarter	0.00200063953325994	0.00310579609846967	0.00466200466200466	75
cliente_edad_-_kmes	0.00199162730909941	0.000394159672392172	0.00116550116550117	76
mrentabilidad_annual_lag1/cliente_edad	0.00198323151691594	0.000644574645776638	0.00116550116550117	77
cproductos_+_cpayroll_trx	0.0019602389810301	0.000925559758769077	0.00116550116550117	78
mcaja_ahorro_lag2	0.00193310077432314	0.00070701578199718	0.00116550116550117	79
canarito234	0.00187874144623889	0.00145761027364828	0.0034965034965035	80
mrentabilidad_annual/cliente_edad	0.00181716882396519	0.00206706178030086	0.00233100233100233	81
mpayroll_sobre_edad/cpayroll_trx	0.00179899718838967	0.00351231391240549	0.00116550116550117	82
mrentabilidad_annual_delta2/Visa_mpagominimo_lag2	0.00179754310545761	0.00740642935565951	0.0034965034965035	83
Visa_mpagominimo_lag2/cliente_edad_lag1	0.0017741097563454	0.00760546047736249	0.00466200466200466	84
mprestamos_personales_lag2	0.0017634819981201	0.00080132791483029	0.00116550116550117	85
mcomisiones/ccomisiones_mantenimiento_delta2	0.0017548736058254	0.00438583939099078	0.00233100233100233	86
mrentabilidad_annual_delta1/cliente_antiguedad	0.00174448065158266	0.000420827240986362	0.00116550116550117	87
mcuentas_saldo/cliente_edad	0.00171018363299137	0.00250024716283087	0.00233100233100233	88
mactivos_margen_delta2/ccomisiones_mantenimiento	0.00162608176251153	0.000569124939510149	0.00116550116550117	89
canarito49	0.00156460735258647	0.00132427243067733	0.00233100233100233	90
mrentabilidad_annual	0.00155874715058233	0.000677096070891503	0.00116550116550117	91
mcuentas_saldo/cproductos	0.00151873858078717	0.000548961655938933	0.00116550116550117	92
mprestamos_personales_delta2/mprestamos_personales_lag1	0.0015186829699648	0.00702462782481099	0.00233100233100233	93
mprestamos_personales_delta2/ccomisiones_mantenimiento	0.00150112067101004	0.00505447989135242	0.00233100233100233	94
mactivos_margen_lag1/mtarjeta_visa_consumo_lag2	0.00149314518880758	0.00121890301330517	0.00116550116550117	95
Visa_mpagominimo_delta2/ctrx_quarter	0.00149201742390028	0.000742789349623532	0.00116550116550117	96
ctrx_quarter/kmes	0.00146658851722865	0.00414322955963389	0.00233100233100233	97
ctrx_quarter_delta1/ccomisiones_mantenimiento	0.00145616048098952	0.00330157507766116	0.00233100233100233	98
mrentabilidad_annual_lag1/ctrx_quarter	0.0014507573284725	0.00451072166343187	0.00233100233100233	99
ctrx_quarter_delta1/cliente_edad	0.00144366453484742	0.00331978707572549	0.00233100233100233	100
mactivos_margen_lag1/cliente_edad	0.0014309149858006	0.00151419755334815	0.00233100233100233	101
mcomisiones_lag1_-_mrentabilidad_lag2	0.00138201545552989	0.000351881819742847	0.00116550116550117	102
canarito140	0.00134204663462016	0.000976943610450565	0.00233100233100233	103
mrentabilidad_delta1/Visa_mpagominimo_lag2	0.00133521666012402	0.000785717630775155	0.00233100233100233	104
canarito48	0.00128658603043633	0.000841004053470426	0.00233100233100233	105
mtarjeta_visa_consumo/Master_fechaalta_lag2	0.00128481454964276	0.00747082177738694	0.00582750582750583	106
mtarjeta_visa_consumo_delta1/ccomisiones_mantenimiento	0.00127128321110656	0.000546359941929743	0.00116550116550117	107
Visa_mpagominimo_lag1/kmes	0.00126276936347942	0.00405867385433524	0.00233100233100233	108
canarito116	0.00125231948181085	0.00189209651318288	0.00466200466200466	109
mrentabilidad/chomebanking_transacciones_lag1	0.00123262569589611	0.000993204323007998	0.00233100233100233	110
canarito61	0.00122814983973563	0.000828645911926777	0.00233100233100233	111
mcuenta_corriente_delta1/kmes_delta1	0.0011952601764362	0.0082812556912494	0.00699300699300699	112
mcuentas_saldo/cliente_antiguedad	0.00118597921897159	0.00161761568521342	0.00116550116550117	113
canarito189	0.00118363710286095	0.0160642831497391	0.0198135198135198	114
canarito134	0.00117246539728961	0.0017912800953268	0.0034965034965035	115
mcuentas_saldo_delta1/kmes	0.00116402893930043	0.00211584391797316	0.0034965034965035	116
mpasivos_margen/cliente_edad	0.00114001446051046	0.000362939104281901	0.00116550116550117	117
ctrx_quarter_delta2/cproductos	0.00111530833387265	0.000947023899344888	0.00116550116550117	118
mtarjeta_visa_consumo_lag1/mactivos_margen_lag1	0.00110211399228999	0.00269147314250628	0.00233100233100233	119
Visa_mpagominimo_lag1/ctrx_quarter	0.00107943076417434	0.000349280105733657	0.00116550116550117	120
canarito225	0.00107822738861115	0.00199031121702978	0.00233100233100233	121
canarito84	0.00107001730021105	0.00037529724582555	0.00116550116550117	122
mactivos_margen_lag2/cliente_antiguedad	0.00106035744331437	0.000533351371883797	0.00116550116550117	123
canarito82	0.00105785263657785	0.002154869628111	0.00233100233100233	124
canarito96	0.00104822199573893	0.000591889937090555	0.00116550116550117	125
mrentabilidad_annual_delta1/cdescubierto_preacordado_lag2	0.00104551847592293	0.00272204328211426	0.00233100233100233	126
mrentabilidad_delta1_-_mpayroll	0.00104261129939696	0.00168656110645693	0.00466200466200466	127
mcaja_ahorro_lag2/cliente_edad_lag2	0.00104185082620118	0.000597093365108934	0.00116550116550117	128
mrentabilidad_annual_lag2	0.00101678527108694	0.00129825529058544	0.00233100233100233	129
canarito67	0.00101204394264838	0.00120849615726841	0.00233100233100233	130
mactivos_margen	0.00101029635531419	0.000446844381078254	0.00116550116550117	131
Visa_fechaalta_lag1/cliente_edad	0.00100998062126521	0.000821491198401507	0.00116550116550117	132
canarito69	0.000999748543426295	0.000380500673843928	0.00116550116550117	133
ctrx_quarter_lag1/cpayroll_trx	0.000992536892725812	0.00282220927146804	0.00233100233100233	134
mactivos_margen_lag1/ctrx_quarter_lag2	0.000990500846108259	0.000584084795062987	0.00116550116550117	135
mpasivos_margen/ctrx_quarter	0.000962150235700087	0.000400663957415145	0.00116550116550117	136
canarito263	0.000950661240423905	0.000772058632226911	0.00116550116550117	137
mcomisiones/cproductos	0.000948647087910453	0.0009925538945057	0.00116550116550117	138
mrentabilidad_lag1/mcaja_ahorro_lag1	0.000948361322264051	0.00265635000338223	0.00116550116550117	139
mcuenta_corriente_lag2/cproductos	0.000943771329122597	0.00101857103459759	0.00116550116550117	140
canarito129	0.000938867796271258	0.000362939104281901	0.00116550116550117	141
mactivos_margen/cliente_antiguedad	0.000933247404183201	0.00194413079336667	0.00116550116550117	142
Visa_mpagominimo_delta2/mcuenta_corriente_lag1	0.000926171162144485	0.000372695531816361	0.00116550116550117	143
canarito165	0.000923177017788358	0.000749293634646505	0.00116550116550117	144
kmes_-_cproductos	0.000921222363212255	0.00129565357657625	0.00116550116550117	145
mcomisiones_lag2	0.000914276527611564	0.000747342349139613	0.00116550116550117	146
mrentabilidad_lag2/cliente_antiguedad	0.000902639195012129	0.000533351371883797	0.00116550116550117	147
mrentabilidad/Visa_fechaalta_lag1	0.000898856279792162	0.000380500673843928	0.00116550116550117	148
Visa_fechaalta_lag1	0.000891554459693824	0.00107255660028827	0.00116550116550117	149
canarito51	0.000880180886654375	0.000638720789255962	0.00116550116550117	150
canarito120	0.000878728657363234	0.00159485068763301	0.00233100233100233	151
Visa_fechaalta_delta1/cliente_antiguedad	0.000878004415742824	0.000380500673843928	0.00116550116550117	152
mpasivos_margen/cliente_antiguedad_delta2	0.000863075386405117	0.00104588903169408	0.00116550116550117	153
mrentabilidad_annual_delta2/mrentabilidad_annual_lag1	0.00086146223368859	0.000966536754413808	0.00116550116550117	154
cdescubierto_preacordado_lag1/cliente_antiguedad	0.000857504398294542	0.00202803607016302	0.00233100233100233	155
mpayroll_sobre_edad_lag2/ctarjeta_visa_transacciones_lag2	0.000854681631822233	0.00570620925065433	0.00466200466200466	156
chomebanking_transacciones_lag1	0.000847570922985774	0.00104979160270786	0.00233100233100233	157
mcomisiones_delta2/ctrx_quarter	0.000847002103269145	0.00138606313839558	0.00233100233100233	158
mcuenta_corriente_lag2/Master_fechaalta_lag2	0.000842355558874279	0.000764253490199343	0.00116550116550117	159
mcuentas_saldo/chomebanking_transacciones_delta2	0.000818657825096665	0.0016462345393145	0.00116550116550117	160
canarito191	0.000812771980672744	0.000387004958866902	0.00116550116550117	161
canarito36	0.000796689449964845	0.00082799548342448	0.00233100233100233	162
mrentabilidad_annual_delta1/Visa_fechaalta_delta1	0.000791717359690439	0.000978244467455159	0.00116550116550117	163
mrentabilidad_annual_delta2/mcaja_ahorro_lag2	0.000787373696786966	0.000369443389304874	0.00116550116550117	164
cliente_edad_-_cliente_antiguedad	0.000787167547444932	0.00214966620009262	0.00233100233100233	165
mprestamos_personales_lag1/ctrx_quarter	0.00078360056204985	0.00188103922864383	0.00116550116550117	166
canarito44	0.000776253413175218	0.000448795666585146	0.00116550116550117	167
mcaja_ahorro_lag2/ctrx_quarter	0.000775505645104872	0.00178867838131761	0.00116550116550117	168
ctrx_quarter_lag2/ctrx_quarter	0.000767052647284714	0.00288334955068399	0.0034965034965035	169
Master_fechaalta_lag2/cliente_edad	0.000765346607410334	0.000898892190174887	0.00116550116550117	170
Master_mpagominimo/ctrx_quarter	0.000764048122920945	0.00279033827485547	0.00116550116550117	171
mrentabilidad_lag1/kmes	0.000758789546003003	0.000562620654487176	0.00116550116550117	172
mrentabilidad_annual_delta2/Master_fechaalta_delta2	0.000758328922877923	0.000917754616741509	0.00116550116550117	173
Visa_mpagominimo_delta2/ccomisiones_mantenimiento	0.000751095189987131	0.00194217950785978	0.00116550116550117	174
canarito148	0.000748625367285427	0.000439039239050687	0.00116550116550117	175
mactivos_margen_lag1/ctrx_quarter_delta1	0.000737323455091489	0.000775310774738398	0.00116550116550117	176
canarito262	0.000734962659695422	0.00103157960464354	0.00116550116550117	177
Visa_mpagominimo_lag2/ccomisiones_mantenimiento	0.000734554575317969	0.000421477669488659	0.00116550116550117	178
Master_fechaalta_lag1/kmes	0.000721848474185359	0.00146151284466206	0.00116550116550117	179
canarito31	0.000712981149876696	0.000454649523105822	0.00116550116550117	180
canarito217	0.000711651537119769	0.0022517834749533	0.00233100233100233	181
canarito245	0.000711596960771548	0.000695958497458125	0.00116550116550117	182
mcuenta_corriente_delta1/ctrx_quarter	0.000710573771796277	0.00197925393249073	0.00116550116550117	183
mtarjeta_visa_consumo_delta2/Master_mpagominimo_lag2	0.000701593031503775	0.000455950380110417	0.00116550116550117	184
mrentabilidad_annual/mrentabilidad_delta1	0.000697468677119634	0.000468308521654066	0.00116550116550117	185
canarito42	0.000697143162587795	0.000630265218726097	0.00116550116550117	186
mtarjeta_visa_consumo_lag1/cliente_antiguedad	0.000695041549987302	0.000359036533268117	0.00116550116550117	187
mrentabilidad_lag2/ctrx_quarter_lag2	0.000693696984376785	0.000932714472294347	0.00116550116550117	188
mpayroll_delta1/cpayroll_trx	0.000693269903292254	0.00160720882917666	0.00116550116550117	189
Visa_mpagominimo/ctrx_quarter	0.000688907996327165	0.000840353624968129	0.00233100233100233	190
ccomisiones_mantenimiento_delta1	0.000686271278162324	0.002010474500601	0.00116550116550117	191
mcuentas_saldo/ccomisiones_mantenimiento	0.000679799294416724	0.000824743340912993	0.00116550116550117	192
cproductos/cpayroll_trx	0.000677696241743695	0.00379329902539793	0.00233100233100233	193
canarito72	0.000677575676562195	0.00179323138083369	0.00116550116550117	194
canarito76	0.000670523133385773	0.000553514655455014	0.00116550116550117	195
mcuenta_corriente_lag1/mprestamos_personales_delta2	0.000660069866165442	0.000645875502781232	0.00116550116550117	196
canarito284	0.000659952437675817	0.00108816688434341	0.00116550116550117	197
mcomisiones_delta1/cliente_antiguedad	0.000651753446362031	0.000523594944349337	0.00116550116550117	198
mpayroll_sobre_edad/ctrx_quarter_lag2	0.000647327197939092	0.003244337369459	0.0034965034965035	199
Master_fechaalta_lag2/cproductos	0.000646893424120302	0.000588637794579069	0.00116550116550117	200
Visa_mpagominimo_lag2/ctrx_quarter	0.000639545773682447	0.000349280105733657	0.00116550116550117	201
canarito235	0.000638367915148231	0.000712219210015558	0.00116550116550117	202
mcaja_ahorro_lag2/mtarjeta_visa_consumo_lag2	0.000629103603548428	0.000688153355430558	0.00116550116550117	203
canarito192	0.000629008549480711	0.000949625613354078	0.00233100233100233	204
canarito33	0.000622944908731102	0.00041887595547947	0.00116550116550117	205
canarito185	0.000621034955977264	0.000785067202272857	0.00116550116550117	206
mrentabilidad	0.000616988531978922	0.000746041492135019	0.00116550116550117	207
canarito297	0.0006157867238008	0.000389606672876091	0.00116550116550117	208
canarito298	0.0006118927123269	0.00075774920517637	0.00116550116550117	209
canarito135	0.000601408473577537	0.000622460076698529	0.00116550116550117	210
canarito183	0.000586408347652945	0.000693356783448936	0.00116550116550117	211
mcuentas_saldo/mcaja_ahorro_delta2	0.000580160688058909	0.000680998641905287	0.00116550116550117	212
mcuentas_saldo_lag1/Visa_mpagominimo_lag1	0.000576838521354827	0.00039220838688528	0.00116550116550117	213
canarito53	0.000570490862593171	0.00308042938688008	0.00116550116550117	214
ctrx_quarter_lag2/ccomisiones_mantenimiento	0.000570156946877345	0.00217568334018451	0.00116550116550117	215
canarito4	0.000550561686788261	0.000573677939026231	0.00116550116550117	216
mtarjeta_visa_consumo_lag1/mcuentas_saldo_delta1	0.000549894482310637	0.00176526295523491	0.00116550116550117	217
mactivos_margen_lag2/mtarjeta_master_consumo_delta1	0.000545829813950053	0.000649127645292719	0.00116550116550117	218
mcaja_ahorro_delta1/ctrx_quarter	0.000545539847711657	0.00120394315775233	0.00116550116550117	219
mcuenta_corriente_lag2/kmes	0.000544942862085276	0.00162737211274788	0.00116550116550117	220
cliente_edad/kmes	0.00053555422550153	0.00037529724582555	0.00116550116550117	221
canarito24	0.000532214378693832	0.00155647540599747	0.00116550116550117	222
canarito310	0.000531870431713542	0.00342190435058617	0.00116550116550117	223
canarito93	0.000531097272005022	0.000775310774738398	0.00116550116550117	224
mcuenta_corriente_lag2/ccomisiones_mantenimiento	0.000519431601083479	0.000525546229856229	0.00116550116550117	225
cproductos_lag1/cliente_edad	0.000513701247528646	0.00236105546333925	0.0034965034965035	226
mcaja_ahorro_lag1/cliente_antiguedad	0.000511257123672225	0.000349280105733657	0.00116550116550117	227
mpayroll_sobre_edad_lag2/mactivos_margen_lag1	0.00051108082419928	0.000353833105249739	0.00116550116550117	228
mrentabilidad_delta1/mtarjeta_visa_consumo_delta1	0.000496125055272237	0.000807832199853263	0.00116550116550117	229
mpasivos_margen_lag1/cproductos	0.000495550577295497	0.000518391516330959	0.00116550116550117	230
mcuentas_saldo_lag2/ccomisiones_mantenimiento_lag2	0.000489687961518349	0.000417575098474875	0.00116550116550117	231
mrentabilidad_lag1/mactivos_margen_lag1	0.000486297519520514	0.000353833105249739	0.00116550116550117	232
canarito175	0.00048024601816829	0.000859216051534751	0.00233100233100233	233
mrentabilidad_delta1/mcomisiones_delta2	0.000469664742609094	0.00041887595547947	0.00116550116550117	234
Visa_mpagominimo_lag2/Visa_mpagominimo_lag1	0.000468562275296861	0.000409769956447308	0.00116550116550117	235
canarito196	0.000464659267032646	0.000715471352527045	0.00116550116550117	236
canarito251	0.000456884598205663	0.000433835811032308	0.00116550116550117	237
canarito226	0.000450668380356179	0.000862468194046238	0.00116550116550117	238
mtarjeta_visa_consumo_lag2/mactivos_margen_lag1	0.000450083369551752	0.00180689037938194	0.00233100233100233	239
canarito238	0.000444980433971501	0.000364890389788793	0.00116550116550117	240
mprestamos_personales_delta1/kmes	0.000444733915647312	0.00042863238301393	0.00116550116550117	241
mtarjeta_visa_consumo/mpayroll_lag2	0.000443622496155053	0.0219734260931101	0.0268065268065268	242
Visa_mpagominimo_lag1/cliente_edad	0.000442311490670198	0.00100035903653327	0.00233100233100233	243
canarito20	0.000433410749711792	0.00112003788095597	0.00116550116550117	244
canarito71	0.000430524629534856	0.00039936310041055	0.00116550116550117	245
ccallcenter_transacciones_delta1/cpayroll_trx	0.00042381073557718	0.00180298780836815	0.00116550116550117	246
mactivos_margen_delta2/cpayroll_trx	0.000421813604865614	0.000344076677715279	0.00116550116550117	247
mtarjeta_visa_consumo_delta2	0.000420603270112698	0.00167745510742477	0.00116550116550117	248
Visa_mpagominimo_lag1/mcuentas_saldo_lag1	0.000401648568955007	0.000841654481972724	0.00233100233100233	249
mrentabilidad_annual_lag2/cliente_edad	0.000394861648711732	0.00199031121702978	0.0034965034965035	250
Master_mpagominimo_lag2/cliente_antiguedad	0.000384765794124538	0.00165534053834666	0.00116550116550117	251
canarito40	0.00038005188351926	0.00107515831429746	0.00116550116550117	252
mtarjeta_visa_consumo_delta2/cproductos	0.000374615251657092	0.00167745510742477	0.00116550116550117	253
mrentabilidad/mcuentas_saldo_lag1	0.000361396051347177	0.000407818670940416	0.00116550116550117	254
mtarjeta_master_consumo_lag1_-_mactivos_margen_delta2	0.000361044330136927	0.000400013528912848	0.00116550116550117	255
mactivos_margen_lag1/cpayroll_trx	0.00034931060335554	0.000377898959834739	0.00116550116550117	256
ccomisiones_mantenimiento/ctrx_quarter	0.000339035024343471	0.00406973113887429	0.0034965034965035	257
mcuentas_saldo_lag2/ccallcenter_transacciones_delta1	0.000338545018985679	0.000994505180012592	0.00116550116550117	258
canarito163	0.000338507934654866	0.000970439325427592	0.00116550116550117	259
canarito60	0.000333572615234259	0.000699210639969612	0.00116550116550117	260
mcuentas_saldo_lag1/Master_fechaalta_delta1	0.000331420204145335	0.00210478663343411	0.0034965034965035	261
canarito37	0.000329636879969731	0.000596442936606636	0.00116550116550117	262
mpasivos_margen_lag1/ctrx_quarter	0.000321703027514794	0.000421477669488659	0.00116550116550117	263
canarito244	0.000304815581876809	0.00165403968134207	0.00116550116550117	264
mrentabilidad_annual_delta1/mtarjeta_master_consumo_lag2	0.000296569349576941	0.00154606854996071	0.00116550116550117	265
mrentabilidad_annual_delta1/ctrx_quarter	0.000295698071562888	0.000679697784900693	0.00116550116550117	266
mrentabilidad_annual/Visa_mpagominimo_delta2	0.000291495912183752	0.000641322503265151	0.00116550116550117	267
Visa_fechaalta_lag2/ccomisiones_mantenimiento	0.000290519243197431	0.000435136668036903	0.00116550116550117	268
mcuenta_corriente_lag1/cdescubierto_preacordado_lag1	0.000288792925278677	0.0014289914195472	0.00116550116550117	269
Visa_fechaalta_delta1	0.000285237625718925	0.000701161925476504	0.00116550116550117	270
canarito311	0.000282020254380785	0.000438388810548389	0.00116550116550117	271
mpasivos_margen_delta1/ctarjeta_visa_transacciones_delta2	0.000277564492096933	0.000342125392208387	0.00116550116550117	272
ctrx_quarter_lag2/cliente_antiguedad	0.000276911864300482	0.000346678391724468	0.00116550116550117	273
mrentabilidad_annual/kmes	0.000273089325585884	0.000510586374303391	0.00116550116550117	274
canarito239	0.000264818328601872	0.000379850245341631	0.00116550116550117	275
canarito19	0.000255321542448129	0.00110963102491922	0.00116550116550117	276
mcomisiones_lag2/cliente_antiguedad	0.000253820598828936	0.000616606220177853	0.00116550116550117	277
canarito114	0.000251336912606267	0.00279944427388764	0.0034965034965035	278
canarito252	0.000249336325810617	0.000371394674811766	0.00116550116550117	279
mactivos_margen/mtarjeta_visa_consumo_delta2	0.000241554149209137	0.000371394674811766	0.00116550116550117	280
mcomisiones/Master_fechaalta_delta1	0.000240329472882808	0.000422778526493254	0.00116550116550117	281
cproductos/ctrx_quarter	0.000237743271839478	0.000602296793127312	0.00116550116550117	282
canarito146	0.00022999204534689	0.0155218257788231	0.0198135198135198	283
canarito46	0.000226193117197771	0.000434486239534605	0.00116550116550117	284
canarito296	0.000224743442744298	0.000372045103314063	0.00116550116550117	285
mtarjeta_master_consumo_lag2_-_mtarjeta_visa_consumo_lag2	0.000219975802178737	0.00129435271957165	0.00116550116550117	286
canarito41	0.000213492376522108	0.000597093365108934	0.00116550116550117	287
canarito312	0.000212508152739738	0.000997757322524079	0.00116550116550117	288
mtarjeta_master_consumo_lag2/mrentabilidad_lag1	0.000209528961237202	0.000500829946768931	0.00116550116550117	289
canarito100	0.000202010497174156	0.000345377534719874	0.00116550116550117	290
kmes_lag2	0.000195775172900639	0.0005327009433815	0.00116550116550117	291
canarito56	0.000189544017871415	0.000340824535203792	0.00116550116550117	292
canarito286	0.000172015684151172	0.00137500585385652	0.00116550116550117	293
mcaja_ahorro_lag1/kmes_delta2	0.000170570430468613	0.00201177535760559	0.00466200466200466	294
canarito14	0.000164503552323818	0.0015493206924722	0.00116550116550117	295
canarito248	0.000158790026214758	0.000746691920637316	0.00116550116550117	296
mpayroll_sobre_edad/kmes_lag2	0.000156392352646289	0.00412111499055578	0.00466200466200466	297
mcomisiones_lag1/cliente_edad_lag1	0.000139272320339058	0.000501480375271229	0.00116550116550117	298
mrentabilidad_annual/cliente_antiguedad_lag1	0.000122662787748262	0.000476113663681634	0.00116550116550117	299
canarito190	0.000104064368891381	0.0012832954350326	0.00116550116550117	300
canarito115	0.000103693157247757	0.000340824535203792	0.00116550116550117	301
canarito151	9.35598638530326e-05	0.00129500314807395	0.00116550116550117	302
Visa_mpagominimo_lag2/ccallcenter_transacciones_lag2	9.32244434475365e-05	0.00180103652286126	0.00116550116550117	303
mpayroll_lag2/Master_mpagominimo_lag1	8.99506344914019e-05	0.00356304733558468	0.0034965034965035	304
canarito250	7.31606449387568e-05	0.000451397380594336	0.00116550116550117	305
mcuentas_saldo_delta1/cliente_edad	6.35387226792951e-05	0.0010159693205884	0.00116550116550117	306
mrentabilidad_lag1/cliente_antiguedad	5.96030148440064e-05	0.000561319797482582	0.00116550116550117	307
mpasivos_margen/mpasivos_margen_delta1	5.47746067591882e-05	0.000665388357850152	0.00116550116550117	308
mrentabilidad_lag1/mcuenta_corriente_delta2	5.44177366889761e-05	0.000487170948220688	0.00116550116550117	309
mpayroll/cpayroll_trx_lag2	5.21592719458246e-05	0.00122800901233733	0.00116550116550117	310
chomebanking_transacciones_delta2	4.44547004977427e-05	0.00114020116452719	0.00116550116550117	311
mcuentas_saldo_delta1/cproductos_delta2	3.76339422258297e-05	0.00163907982578923	0.00116550116550117	312
mrentabilidad_annual_lag2/cproductos	3.56890367848768e-05	0.000424729812000146	0.00116550116550117	313
chomebanking_transacciones_lag2/cproductos	3.51600443229378e-05	0.000978244467455159	0.00116550116550117	314
mcaja_ahorro/mcuentas_saldo_delta2	3.36158878972992e-05	0.001041336032178	0.00116550116550117	315
canarito43	3.35600772333333e-05	0.00141598284950125	0.00116550116550117	316
canarito138	2.74951042064119e-05	0.000790921058793533	0.00116550116550117	317
ctrx_quarter_-_cpayroll_trx	2.07193259676145e-05	0.000458552094119606	0.00116550116550117	318
kmes_+_ctrx_quarter	1.92274493037102e-05	0.00199031121702978	0.0034965034965035	319
mcuentas_saldo_delta1/ctarjeta_visa_transacciones_lag2	1.82017372058291e-05	0.000398062243405956	0.00116550116550117	320
ctrx_quarter_delta2/kmes	1.69232995715164e-05	0.00115581144858233	0.00116550116550117	321
ctarjeta_visa_transacciones_lag1	1.58636826079318e-05	0.000897591333170293	0.00116550116550117	322
mrentabilidad_delta2	1.56585246369568e-05	0.000357735676263522	0.00116550116550117	323
mpasivos_margen_lag1/ccomisiones_mantenimiento	1.07796604674264e-05	0.000344076677715279	0.00116550116550117	324
mtarjeta_visa_consumo_delta1/cliente_antiguedad	8.55717015053366e-06	0.000591239508588258	0.00116550116550117	325
ctrx_quarter_-_kmes	8.26847631044119e-06	0.00131841857415665	0.00233100233100233	326
Master_fechaalta_lag2	4.65374457004262e-06	0.00146736670118274	0.00116550116550117	327
Visa_mpagominimo_delta2/cpayroll_trx	3.40109550021681e-06	0.00176136038422113	0.00233100233100233	328
mtarjeta_visa_consumo/cproductos	2.6455295864359e-06	0.00219714748076032	0.00233100233100233	329
mpayroll_sobre_edad	2.56110231024253e-06	0.000770107346720019	0.00116550116550117	330
Master_fechaalta_delta1/ctrx_quarter	1.87007253472976e-06	0.00615305363173259	0.00699300699300699	331
mtarjeta_visa_consumo_lag1/Master_fechaalta_delta2	1.85644700309238e-06	0.000524895801353932	0.00116550116550117	332
mtarjeta_visa_consumo_lag2/ccomisiones_mantenimiento	1.6195356473297e-06	0.00103483174715503	0.00116550116550117	333
mactivos_margen/ccomisiones_mantenimiento	1.36166872050476e-06	0.000835800625452048	0.00116550116550117	334
cpayroll_trx_-_ctrx_quarter	1.14944343472866e-06	0.000999058179528673	0.00116550116550117	335
mpayroll_sobre_edad_lag2	1.14629384789682e-06	0.000664087500845557	0.00116550116550117	336
mtarjeta_visa_consumo_lag1/ccomisiones_mantenimiento	1.1280258524259e-06	0.000658233644324881	0.00116550116550117	337
mtarjeta_visa_consumo_delta1/cpayroll_trx	5.21229007752192e-07	0.000580832652551501	0.00116550116550117	338
mrentabilidad_annual_lag1	4.17467840441624e-07	0.000346027963222171	0.00116550116550117	339
mpayroll_lag2/cliente_edad	3.70354635848089e-07	0.0015740369755595	0.00233100233100233	340
mrentabilidad_annual_lag1/ccomisiones_mantenimiento	3.66058773360125e-07	0.0011610148766007	0.00116550116550117	341
mpayroll_sobre_edad_lag2/cproductos	3.13199966925615e-07	0.00111028145342151	0.00116550116550117	342
mtarjeta_visa_consumo_delta2/ccomisiones_mantenimiento	2.17044596904904e-07	0.000694007211951233	0.00116550116550117	343
ctrx_quarter/cpayroll_trx	1.71503106251856e-07	0.000874175907087589	0.00116550116550117	344
mcomisiones_lag2/cpayroll_trx_lag2	3.56064887357108e-08	0.00060034550762042	0.00116550116550117	345
mpayroll_lag2	3.48475405236192e-08	0.00331978707572549	0.00582750582750583	346
ctrx_quarter	3.06910757790088e-08	0.00234674603628871	0.00233100233100233	347
Visa_mpagominimo/cproductos	2.88021825655992e-08	0.001185731159688	0.00233100233100233	348
Visa_mpagominimo/mrentabilidad_lag2	1.00883481226584e-08	0.00137305456834963	0.00233100233100233	349
mpayroll_sobre_edad_lag2/cliente_edad	7.5639551924614e-09	0.00132817500169111	0.00233100233100233	350
mtarjeta_visa_consumo_delta2/mpayroll_sobre_edad_lag1	6.62343123380731e-09	0.0011629661621076	0.00116550116550117	351
ctarjeta_visa_transacciones_delta2/cproductos	3.96636017128591e-09	0.00170867567553504	0.00233100233100233	352
Visa_mpagominimo_delta2/cliente_edad	3.47462838150406e-09	0.000474162378174742	0.00116550116550117	353
Visa_mpagominimo_delta2/mpayroll_sobre_edad_lag2	3.40244151681807e-09	0.000998407751026376	0.00233100233100233	354
ctrx_quarter_lag1/cliente_edad	2.91343703350491e-09	0.000364890389788793	0.00116550116550117	355
mpayroll_sobre_edad_lag2/mrentabilidad_annual_lag2	2.80627886398397e-09	0.00362548847180523	0.00582750582750583	356
mcaja_ahorro_lag1	1.97520701618415e-09	0.00179323138083369	0.0034965034965035	357
mcaja_ahorro	1.57595360039478e-09	0.00038505367336001	0.00116550116550117	358
mcomisiones_lag1/cproductos	1.24046249802558e-09	0.000571726653519339	0.00116550116550117	359
mpayroll/mcaja_ahorro_lag1	1.00542206182474e-09	0.00101141632107232	0.00233100233100233	360
mtarjeta_visa_consumo_lag2/mcaja_ahorro_lag1	9.4790461892949e-10	0.000573677939026231	0.00116550116550117	361
mcuentas_saldo_lag1	4.23523447831883e-10	0.000577580510040014	0.00116550116550117	362
cliente_edad_+_cpayroll_trx	2.29111549876335e-10	0.00129760486208314	0.00233100233100233	363
ctrx_quarter/cliente_edad	2.26000650539077e-10	0.000396110957899064	0.00116550116550117	364
mpayroll_sobre_edad_lag2/kmes	1.99133641450297e-10	0.000344727106217576	0.00116550116550117	365
cliente_edad	1.73730362643051e-10	0.00187973837163924	0.00233100233100233	366
cliente_edad/ctrx_quarter	1.71883282393875e-10	0.000732382493586775	0.00116550116550117	367
mcomisiones_lag1/kmes	1.587654219886e-10	0.000345377534719874	0.00116550116550117	368
mcaja_ahorro_lag1/kmes_lag2	9.47993184341573e-11	0.000349930534235955	0.00116550116550117	369
Visa_mpagominimo_delta2	5.1491093978267e-11	0.00155907712000666	0.0034965034965035	370
cpayroll_trx_-_cliente_edad	3.05458873823755e-11	0.000588637794579069	0.00116550116550117	371
mtarjeta_visa_consumo_lag1/cpayroll_trx	2.93155965621366e-11	0.00169826881949829	0.0034965034965035	372
mtarjeta_visa_consumo_lag1/Visa_mpagominimo_delta2	1.93883177393162e-11	0.000543758227920554	0.00116550116550117	373
mcaja_ahorro_delta2/kmes	1.16517964064491e-11	0.000383752816355415	0.00116550116550117	374
mcaja_ahorro_lag1/Visa_mpagominimo_lag2	5.93096266024527e-12	0.000345377534719874	0.00116550116550117	375
mtarjeta_visa_consumo/ctrx_quarter	2.39843964435086e-12	0.000410420384949605	0.00116550116550117	376
mpayroll_delta2	1.05899475642257e-12	0.000619207934187042	0.00116550116550117	377
cliente_antiguedad	9.34234304673552e-19	0.000450096523589741	0.00116550116550117	378
