Feature	Gain	Cover	Frequency	pos
ctrx_quarter_-_ccomisiones_mantenimiento	0.143980843671764	0.0184070345952445	0.0114777618364419	1
cpayroll_trx/ccomisiones_mantenimiento	0.108240714928599	0.106607408697458	0.0416068866571019	2
ctrx_quarter/ccomisiones_mantenimiento	0.103070987324299	0.0357364739610458	0.0186513629842181	3
mcaja_ahorro/kmes	0.0493316584942637	0.0198321061418742	0.0129124820659971	4
ctrx_quarter_-_cpayroll_trx	0.0443356736790458	0.00529336211386171	0.00286944045911047	5
mprestamos_personales_-_mtarjeta_visa_consumo	0.0404134189712342	0.049143198758128	0.0286944045911047	6
kmes/ctrx_quarter	0.0315973312294777	0.0121382269162691	0.00717360114777618	7
kmes_-_ctrx_quarter	0.0297647476079467	0.00645803574568418	0.00573888091822095	8
ccomisiones_mantenimiento_delta1_-_Visa_status_lag2	0.0278413592535052	0.0271600886190203	0.0200860832137733	9
mpasivos_margen_-_mactivos_margen_lag2	0.024080216733384	0.0165993204535445	0.0143472022955524	10
mpasivos_margen_-_cpayroll_trx_lag2	0.0191460792883233	0.00496263164328667	0.00860832137733142	11
mpasivos_margen_lag1_-_mcaja_ahorro_lag2	0.0187009898422245	0.0138396049319867	0.0157819225251076	12
Master_mpagominimo_lag1/cpayroll_trx	0.017151520457065	0.0158876219725603	0.0100430416068867	13
cproductos_-_ccomisiones_mantenimiento	0.0167219981116238	0.00653255476310488	0.00860832137733142	14
mcaja_ahorro_lag2/kmes	0.0160629815168352	0.0103974961610147	0.00860832137733142	15
Visa_mpagominimo_-_internet_lag1	0.0159126261635594	0.0577120484691784	0.0530846484935438	16
mtarjeta_visa_consumo_-_Master_fechaalta_delta2	0.0147452483935032	0.0188223315912071	0.0143472022955524	17
mrentabilidad_annual_delta1_-_Visa_mpagominimo_lag2	0.011219229344885	0.0118786662937925	0.00717360114777618	18
mpayroll/ctarjeta_visa_transacciones_delta2	0.0110480765492826	0.03687435423829	0.0143472022955524	19
mrentabilidad_annual_delta2_-_Visa_mpagominimo_lag2	0.0107031212055077	0.0130475263872678	0.0129124820659971	20
cliente_antiguedad/ctrx_quarter	0.0089212230389522	0.0074167354641865	0.0100430416068867	21
mpayroll_sobre_edad_lag1_-_mcomisiones_lag2	0.0087224161170852	0.00550268519650414	0.00717360114777618	22
mrentabilidad_annual_lag2/kmes	0.00728579601767521	0.00751804783618543	0.0100430416068867	23
mrentabilidad_annual_-_cliente_edad_lag1	0.00727392400651471	0.00531931817610937	0.00717360114777618	24
Master_mpagominimo/kmes	0.0068104502862154	0.018869219961719	0.0100430416068867	25
Visa_mpagominimo_delta2/mcuenta_corriente_lag1	0.00650727887033523	0.0145713984289047	0.0186513629842181	26
cliente_antiguedad_lag1_-_mprestamos_personales_delta2	0.0064188359629446	0.0137081500360873	0.00860832137733142	27
mcomisiones_delta1/Visa_fechaalta_delta1	0.00638765074525526	0.00180352768004716	0.00430416068866571	28
mprestamos_personales_lag1_-_mactivos_margen_delta1	0.0058154407524618	0.0036681777002259	0.00717360114777618	29
mrentabilidad_annual_lag2_-_Master_fechaalta_delta2	0.00559083290074095	0.0266920422062318	0.0358680057388809	30
ctrx_quarter_delta2/cproductos	0.00530053514812264	0.00387750078286833	0.00717360114777618	31
mrentabilidad_annual_lag2_-_mactivos_margen_delta2	0.0052429174432793	0.00453142609304327	0.00573888091822095	32
mcomisiones_lag2/kmes	0.00519317508781827	0.00177840891013007	0.00143472022955524	33
mpasivos_margen_lag1/cliente_antiguedad	0.00504764654711453	0.002576348501163	0.00717360114777618	34
mrentabilidad_annual_delta2_-_mpasivos_margen	0.00479733592517507	0.00504468629168251	0.0100430416068867	35
mpasivos_margen_lag1/cliente_edad	0.00469742318950983	0.000921021563626682	0.00286944045911047	36
ctrx_quarter/kmes	0.0046139943972056	0.00817532231568265	0.00717360114777618	37
cdescubierto_preacordado_delta1_-_Master_fechaalta_lag2	0.0046113856551874	0.00615158675269566	0.0100430416068867	38
canarito17	0.00450340082534839	0.0154890708232091	0.0172166427546628	39
mtarjeta_visa_consumo_delta2_-_ccomisiones_mantenimiento_delta1	0.00446072973400342	0.0228162160080246	0.024390243902439	40
mrentabilidad_annual_lag2_-_ccallcenter_transacciones_lag2	0.00442064141297081	0.00155987561185137	0.00430416068866571	41
mrentabilidad_lag1/mcaja_ahorro_lag1	0.00425954855728863	0.00735979958570776	0.00717360114777618	42
kmes_lag1_-_ccomisiones_mantenimiento_delta2	0.00420557320647849	0.00750297657423518	0.00573888091822095	43
Visa_mpagominimo/cliente_antiguedad	0.0041293953943459	0.00841897438387844	0.0143472022955524	44
canarito39	0.00405844338292065	0.00831515013488779	0.0129124820659971	45
mtarjeta_visa_consumo_delta1/ccomisiones_mantenimiento	0.00398369987706734	0.00493500099637787	0.00717360114777618	46
cproductos_lag2_-_cliente_edad_lag1	0.00388933042929914	0.032669472154169	0.024390243902439	47
mrentabilidad_delta1/Visa_mpagominimo_lag2	0.00376422481403609	0.00439159827383813	0.0129124820659971	48
ccomisiones_mantenimiento_lag1/kmes	0.00362948276571594	0.00289451958677949	0.00573888091822095	49
mpasivos_margen/ccomisiones_mantenimiento	0.00323320550538399	0.00335503036859283	0.00717360114777618	50
cliente_edad_-_cproductos	0.00305761223359926	0.00645133740703962	0.00573888091822095	51
Visa_mpagominimo_lag2/kmes	0.00288560441688781	0.00401900318673461	0.00573888091822095	52
cliente_edad_-_cliente_antiguedad	0.00261750111881676	0.003411128954741	0.00573888091822095	53
cproductos_-_kmes	0.00233509277914048	0.00595817222433406	0.00430416068866571	54
ctarjeta_visa_transacciones_lag2_-_mcuentas_saldo_delta2	0.00229123575018088	0.00250517865306457	0.00573888091822095	55
mcuenta_corriente_-_cpayroll_trx_lag2	0.00223381901648636	0.001951728422558	0.00573888091822095	56
mrentabilidad_delta1_-_mpayroll	0.00221690243665922	0.00496346893561724	0.00717360114777618	57
canarito6	0.00221430520345573	0.0069218956968198	0.00717360114777618	58
canarito14	0.0020510261299295	0.00298662174314216	0.00430416068866571	59
cproductos_delta1_-_mrentabilidad_annual_delta1	0.00201595929374267	0.00195675217654141	0.00286944045911047	60
mpayroll_sobre_edad_-_internet_lag2	0.00198616099160512	0.00499026229019547	0.00286944045911047	61
ctarjeta_visa_transacciones_lag1_-_mpayroll_lag2	0.00187573648868578	0.00355430594326842	0.00573888091822095	62
mrentabilidad_annual_lag1/mcaja_ahorro_delta2	0.00184604074535602	0.00310133079243021	0.00860832137733142	63
mpayroll_lag1_-_ctarjeta_visa_transacciones_delta2	0.00175403454864683	0.00572456766410511	0.00717360114777618	64
cliente_edad/ctrx_quarter	0.00173644351223062	0.00678792892392864	0.0114777618364419	65
Visa_mpagominimo_lag2_-_mcuentas_saldo_lag1	0.0017332662961906	0.00153894330358713	0.00430416068866571	66
canarito29	0.00168709624674415	0.00628220435626454	0.00860832137733142	67
Visa_mpagominimo_delta1_-_mcuenta_corriente_delta2	0.00158885615879608	0.000962886180155167	0.00286944045911047	68
canarito5	0.00157598554059252	0.00251522616103141	0.00286944045911047	69
mcuentas_saldo_lag2_-_mactivos_margen_delta2	0.00151376698127402	0.000436229304226819	0.00143472022955524	70
Master_status_delta1/cliente_edad	0.00140060409957416	0.000927719902271239	0.00143472022955524	71
canarito10	0.00140032670263236	0.00224561803058796	0.00430416068866571	72
mcaja_ahorro_lag2_-_mcaja_ahorro_delta2	0.00136639855281722	0.00246666320585837	0.00286944045911047	73
cliente_antiguedad_delta2/cproductos	0.00135525519558704	0.00109769024537689	0.00143472022955524	74
cproductos/cliente_antiguedad	0.0012987805654538	0.00135557628319236	0.00286944045911047	75
mprestamos_personales_lag1/mcaja_ahorro_lag1	0.00129011689948549	0.000546751891862021	0.00143472022955524	76
mcuenta_corriente_delta1/kmes_delta1	0.0012882653064484	0.0074552509113927	0.00573888091822095	77
mtarjeta_visa_consumo_lag2/mcaja_ahorro_lag1	0.0012435916901581	0.00365896748458963	0.00717360114777618	78
cpayroll_trx/cproductos	0.00121735864638119	0.00156992311981821	0.00430416068866571	79
canarito23	0.0011593084850187	0.00122579597195406	0.00286944045911047	80
mcuentas_saldo_lag2_-_cproductos_delta2	0.00113979627037199	0.00275217989058264	0.00286944045911047	81
mpayroll_sobre_edad/cproductos	0.000971499091289718	0.00691184818885296	0.0100430416068867	82
canarito19	0.000944981954585172	0.000898414670701299	0.00286944045911047	83
kmes_-_cliente_antiguedad	0.00092620393558919	0.0025847214244687	0.00286944045911047	84
ctrx_quarter_+_ccomisiones_mantenimiento	0.000906488742974738	0.00332237596770061	0.00573888091822095	85
mtarjeta_master_consumo_delta2/mcuentas_saldo_delta1	0.000901668343436257	0.00235948978754544	0.00143472022955524	86
cliente_edad_-_ccomisiones_mantenimiento	0.000887830459563818	0.00252276179200654	0.00286944045911047	87
cpayroll_trx_-_cliente_edad	0.000874356867720168	0.00300587946674526	0.00430416068866571	88
mrentabilidad_annual_lag1/internet_delta1	0.000873277542832909	0.0013379931442504	0.00143472022955524	89
canarito40	0.000871795634728995	0.00411277992775842	0.00573888091822095	90
kmes/cliente_antiguedad	0.000859272572870655	0.00101563559698106	0.00286944045911047	91
canarito36	0.00081444908982004	0.00180352768004716	0.00286944045911047	92
mactivos_margen_delta2_-_Visa_fechaalta_delta1	0.000812890202041501	0.00127770809644938	0.00286944045911047	93
mcuentas_saldo_lag2/cproductos	0.000790305953892931	0.000602850478010191	0.00143472022955524	94
ccomisiones_mantenimiento/cliente_antiguedad	0.000771256335728644	0.00511753072444207	0.00430416068866571	95
mactivos_margen_lag1_-_mpayroll_sobre_edad_delta1	0.000768980535882818	0.0011194598459717	0.00143472022955524	96
mpayroll_sobre_edad_lag1/internet_lag1	0.000767904491070154	0.00217026172083669	0.00286944045911047	97
mactivos_margen/mrentabilidad_delta1	0.000748282575964761	0.00160760127469384	0.00286944045911047	98
mcomisiones_lag2_-_Master_mpagominimo	0.000740015152150078	0.000555962107498288	0.00143472022955524	99
Visa_mpagominimo_lag1_-_chomebanking_transacciones_lag2	0.000732609292107876	0.000586941923729367	0.00143472022955524	100
mcaja_ahorro_delta2_-_mpayroll	0.000717087353915485	0.000594477554704494	0.00143472022955524	101
canarito38	0.000713929368878844	0.00436061845760705	0.00573888091822095	102
canarito24	0.000680933742312206	0.00516609367961511	0.00717360114777618	103
mcuentas_saldo_lag2/cliente_antiguedad	0.000671375549544697	0.00133380668259755	0.00286944045911047	104
mrentabilidad_annual_lag2_-_mtarjeta_master_consumo_lag1	0.000657841132000096	0.000973770980452573	0.00143472022955524	105
mpayroll_sobre_edad_-_mcaja_ahorro	0.000638713969691194	0.00354425843530158	0.00573888091822095	106
canarito34	0.000602423731349932	0.00176584952517152	0.00286944045911047	107
kmes_delta1_-_ctrx_quarter_lag2	0.000595021549213134	0.00175496472487411	0.00286944045911047	108
canarito4	0.000594478070246912	0.00154396705757055	0.00286944045911047	109
chomebanking_transacciones_delta1_-_chomebanking_transacciones_lag1	0.000594294423763168	0.00554622439769376	0.00717360114777618	110
canarito20	0.000591869748887352	0.00146358699383585	0.00143472022955524	111
Master_fechaalta_lag2_-_internet_lag2	0.000516865736451297	0.001669560907156	0.00286944045911047	112
mpasivos_margen_delta2/cliente_edad_delta2	0.000507359792994885	0.000536704383895184	0.00143472022955524	113
cliente_edad_+_cliente_edad	0.000497736264925339	0.00577815437326157	0.00573888091822095	114
ccomisiones_mantenimiento_+_cliente_antiguedad	0.000496749209082735	0.000529168752920057	0.00143472022955524	115
mcuentas_saldo_lag2_-_mpasivos_margen_lag1	0.000483214791538135	0.00103238144359245	0.00143472022955524	116
canarito2	0.000478336358369203	0.000989679534733398	0.00143472022955524	117
canarito35	0.000467493017627717	0.00229083181643873	0.00286944045911047	118
cliente_antiguedad_-_cliente_edad	0.000442712204346916	0.000663135525811211	0.00143472022955524	119
canarito11	0.000441266912691902	0.0011554634161862	0.00286944045911047	120
canarito3	0.00043530985588992	0.00105415104418727	0.00143472022955524	121
ctrx_quarter_lag1_-_Master_status_lag1	0.000411048815137012	0.00236702541852057	0.00430416068866571	122
mprestamos_personales_delta2_-_mpayroll	0.000359275366946107	0.00209992916506883	0.00143472022955524	123
mrentabilidad_delta2_-_cproductos_lag1	0.000343224459652996	0.00315826667090895	0.00430416068866571	124
mpayroll_delta1/kmes	0.000333595756458862	0.00415213266729519	0.00430416068866571	125
mtarjeta_visa_consumo_lag1/mactivos_margen_lag1	0.000326789710491516	0.0048680176099323	0.00430416068866571	126
mcuenta_corriente_lag1/ctrx_quarter	0.0003081373826446	0.00142423425429908	0.00286944045911047	127
mpayroll_lag2/cliente_edad	0.000296855513321451	0.00183367020394767	0.00143472022955524	128
mcomisiones_delta2/mcaja_ahorro_delta2	0.000293542954522458	0.000509911029316954	0.00143472022955524	129
canarito31	0.000265014141304698	0.00156908582748764	0.00143472022955524	130
canarito18	0.000264534590449953	0.000617921739960446	0.00143472022955524	131
canarito26	0.000263679921821341	0.00181273789568342	0.00430416068866571	132
Master_mpagominimo_delta1_-_cpayroll_trx_delta1	0.000248567068500368	0.00523977540470525	0.00573888091822095	133
canarito9	0.000242234634387048	0.000559311276820567	0.00143472022955524	134
cproductos_-_cliente_edad	0.000223840366525182	0.00278148512215258	0.00286944045911047	135
canarito27	0.00016567291384561	0.00130617603568875	0.00143472022955524	136
canarito16	0.000157904811841964	0.00215519045888643	0.00286944045911047	137
canarito15	0.000148546144634897	0.000444602227532516	0.00143472022955524	138
mcaja_ahorro_delta1/kmes	0.000117922140445856	0.000505724567664105	0.00143472022955524	139
canarito7	6.52799254658264e-05	0.00083980420756142	0.00143472022955524	140
canarito21	4.69421257413268e-05	0.00160006564371872	0.00143472022955524	141
mtarjeta_master_consumo_lag1_-_mpayroll	2.64277110782453e-05	0.00588449049924393	0.00860832137733142	142
canarito32	2.05430226517673e-05	0.00175998847885753	0.00143472022955524	143
mpayroll_lag1_-_mcaja_ahorro_delta1	1.63789723262534e-05	0.00259644351709667	0.00430416068866571	144
mpayroll_lag1/cliente_edad	1.23196259235197e-05	0.00115462612385563	0.00286944045911047	145
mpayroll_sobre_edad_lag1/kmes	1.1097496293173e-05	0.000587779216059937	0.00143472022955524	146
mpayroll_sobre_edad/cliente_antiguedad	7.5697597381172e-06	0.000560148569151136	0.00143472022955524	147
ctrx_quarter_lag2/cproductos	7.26926943690268e-06	0.000558473984489997	0.00143472022955524	148
canarito37	2.97150020572265e-06	0.00382810053536472	0.00430416068866571	149
mcaja_ahorro_lag1_-_cliente_edad_lag1	1.98984084312703e-06	0.000517446660292081	0.00143472022955524	150
cproductos/cpayroll_trx	7.1085238235006e-07	0.00127854538877995	0.00143472022955524	151
cliente_edad_+_cpayroll_trx	6.70667971042019e-09	0.00159587918206587	0.00286944045911047	152
Visa_mpagominimo_-_mtarjeta_master_consumo_delta1	6.45729415998288e-09	0.0011747211397893	0.00143472022955524	153
mpayroll_sobre_edad_delta1_-_mtarjeta_visa_consumo_delta1	3.91482561898897e-09	0.000436229304226819	0.00143472022955524	154
mpayroll_sobre_edad_lag1/cliente_antiguedad	3.11496251625527e-09	0.000776169990438122	0.00143472022955524	155
mcuentas_saldo_lag2/mcomisiones_delta2	1.03599311469693e-09	0.000933580948585227	0.00143472022955524	156
mcuentas_saldo_lag2/cpayroll_trx	8.29580061997361e-10	0.000568521492456833	0.00143472022955524	157
mpasivos_margen_lag2/mpayroll_sobre_edad_delta2	4.93025664405863e-10	0.000807987098999771	0.00143472022955524	158
mtarjeta_master_consumo_lag1_-_Visa_mpagominimo_lag2	2.89196748205576e-11	0.000990516827063968	0.00286944045911047	159
