Feature	Gain	Cover	Frequency	pos
ctrx_quarter/cproductos_lag2/ccomisiones_mantenimiento	0.0925920688945629	0.0418467057303353	0.0215736040609137	1
ctarjeta_visa_transacciones_delta2_-_ctrx_quarter_lag2	0.0761096288588811	0.0120830964866917	0.00634517766497462	2
ctrx_quarter_lag1_+_kmes_delta1	0.0645085015993309	0.00438290943126889	0.00253807106598985	3
mpayroll/mtarjeta_master_consumo/cliente_antiguedad_+_mrentabilidad_annual	0.0468061887399721	0.0227985371781557	0.00888324873096447	4
mtarjeta_visa_consumo_+_mpasivos_margen_lag1/mrentabilidad_annual_delta2	0.0461921218027119	0.031424741178264	0.0228426395939086	5
mpasivos_margen_lag2_+_mpayroll/mtarjeta_master_consumo/cliente_antiguedad	0.0407281650422019	0.0214387169109214	0.0101522842639594	6
mcaja_ahorro_-_cliente_edad_delta1	0.036648834656743	0.00847376736459852	0.00380710659898477	7
mprestamos_personales_delta1/mprestamos_personales_+_cpayroll_trx_lag2	0.0214022734389479	0.0462944363477322	0.0190355329949239	8
mpayroll/mtarjeta_master_consumo/cliente_antiguedad_-_mpayroll_sobre_edad_delta2/cdescubierto_preacordado_lag1	0.0203927481034135	0.0107247008609108	0.0050761421319797	9
mprestamos_personales/mcaja_ahorro_delta2_+_mprestamos_personales_delta2/ctarjeta_visa_transacciones	0.0195701798412364	0.00510164104449013	0.00253807106598985	10
mrentabilidad_annual_delta1_-_Visa_mpagominimo	0.0188328428484494	0.0123081898363229	0.0139593908629442	11
mtarjeta_visa_consumo_-_Visa_mpagominimo/ctrx_quarter_lag1	0.0170612954183112	0.00863475184882845	0.0114213197969543	12
mrentabilidad_annual_lag2_+_mpayroll_lag1	0.0163093929920823	0.0207377933158672	0.0114213197969543	13
ccallcenter_transacciones_+_mcuenta_corriente_lag1/mpayroll_sobre_edad	0.0143667133090862	0.0151752807612144	0.0050761421319797	14
mcaja_ahorro_lag2_-_cdescubierto_preacordado_lag2	0.0125389148037961	0.00379382019030361	0.00126903553299492	15
cproductos_delta2/ctrx_quarter_lag2/cliente_edad	0.0124184843172222	0.0099489835895551	0.00761421319796954	16
cproductos_-_ccomisiones_mantenimiento_lag1	0.01198375342309	0.0038280115851843	0.0050761421319797	17
cproductos_lag1_+_mpayroll_sobre_edad/cliente_antiguedad_delta2	0.0119234831819229	0.00760402375732088	0.0050761421319797	18
Visa_fechaalta_lag1/ctrx_quarter_lag2_-_mcaja_ahorro_lag2	0.0103266590048489	0.00121949308407806	0.00253807106598985	19
kmes_lag1_-_mcaja_ahorro	0.0101359586820891	0.000500049150130141	0.00126903553299492	20
mtarjeta_visa_consumo_lag2/mtarjeta_visa_consumo_-_mpasivos_margen_lag1/Visa_fechaalta_lag2_+_Visa_fechaalta_lag1/ctrx_quarter_lag2	0.0099250227040821	0.0198644881049562	0.0177664974619289	21
cproductos_delta1/ccomisiones_mantenimiento_delta1_+_kmes_lag2	0.0092226561696852	0.0180480702519194	0.0101522842639594	22
mcaja_ahorro_lag1_-_mrentabilidad_delta2_-_mtarjeta_visa_consumo_lag2/mtarjeta_visa_consumo	0.0086077927418264	0.00865255986699548	0.0050761421319797	23
mtarjeta_visa_consumo_lag1/mrentabilidad_annual_delta1/cdescubierto_preacordado_lag1_-_mprestamos_personales	0.00843944684574212	0.000851935589110611	0.00126903553299492	24
mcuentas_saldo_-_ctarjeta_visa_transacciones_delta1	0.00815563278604886	0.003484672994924	0.00380710659898477	25
chomebanking_transacciones_delta1/ctrx_quarter_lag1_+_ccomisiones_mantenimiento_delta2/ccallcenter_transacciones	0.00790546538713385	0.00533599456356821	0.0050761421319797	26
mprestamos_personales/cliente_antiguedad_delta1	0.00767753363748313	0.00278659868277651	0.00253807106598985	27
cdescubierto_preacordado_-_cpayroll_trx_delta1/cliente_antiguedad_lag2	0.00692883940530981	0.0146987381950648	0.00634517766497462	28
mcuenta_corriente_lag1/mpayroll_sobre_edad/Visa_fechaalta_lag1/mactivos_margen_lag2/mtarjeta_visa_consumo/chomebanking_transacciones_delta2	0.00633204701374136	0.000851935589110611	0.00126903553299492	29
mrentabilidad_annual/mprestamos_personales/mprestamos_personales_lag2/kmes_lag2/mpayroll_lag2	0.00629687202889448	0.00144886035806938	0.00253807106598985	30
mcomisiones_delta1/mrentabilidad_+_chomebanking_transacciones_delta2	0.00621242231410724	0.00966476761960934	0.00888324873096447	31
ccallcenter_transacciones_lag2_+_mcuentas_saldo_delta1/mcuentas_saldo_lag1/mprestamos_personales/mcaja_ahorro_delta2	0.00573953375149064	0.000414570662928408	0.00126903553299492	32
mcuenta_corriente_lag1/mpayroll_sobre_edad/mcomisiones_lag2/Visa_fechaalta_lag1	0.00528101007412158	0.00758764038060721	0.00253807106598985	33
mcuentas_saldo/cproductos_delta2	0.00510486746581224	0.00128431427020605	0.00253807106598985	34
canarito78	0.0050366056735755	0.00591653595581332	0.00761421319796954	35
Visa_mpagominimo/ctrx_quarter_lag1/mpasivos_margen/mpayroll_sobre_edad_lag2	0.00494529574025352	0.0224701573231557	0.0126903553299492	36
ccomisiones_mantenimiento_lag2_-_mpasivos_margen_-_cpayroll_trx_delta2	0.00466890734910932	0.000945249604305836	0.00126903553299492	37
mcuentas_saldo_delta2_-_mpasivos_margen_-_Visa_mpagominimo_lag2	0.00447960974432452	0.00573418184978296	0.00380710659898477	38
mrentabilidad_-_cliente_antiguedad_delta1	0.00418235125355731	0.00583604371369836	0.0050761421319797	39
mrentabilidad_annual_lag1/ctrx_quarter_lag1_-_Visa_fechaalta_lag1/ctrx_quarter_lag2	0.00415867695343551	0.000884702342537942	0.00253807106598985	40
mpayroll_lag2_-_cliente_edad_lag2	0.00402755030876101	0.0125211737336006	0.00888324873096447	41
mcaja_ahorro/mcomisiones_delta1/ccomisiones_mantenimiento_lag1/mprestamos_personales_delta1/mprestamos_personales/mcaja_ahorro_delta2	0.00377448282839393	0.00324319626857911	0.00380710659898477	42
cproductos_lag2_-_mprestamos_personales_lag1	0.00351076370854171	0.003352893660488	0.00253807106598985	43
cliente_edad_+_mrentabilidad_annual_lag2	0.00347257913809389	0.00129428676037958	0.00253807106598985	44
mcomisiones_lag2/ccomisiones_mantenimiento_lag2_-_mprestamos_personales_delta2/ctarjeta_visa_transacciones	0.00345867870920161	0.00404242012391531	0.00253807106598985	45
mcomisiones_lag2/Visa_fechaalta_lag2_+_Master_mpagominimo_lag2/cliente_antiguedad_lag1	0.00336189651115849	0.000581966033698469	0.00126903553299492	46
chomebanking_transacciones_lag1_+_Visa_fechaalta_lag1/ctrx_quarter_lag2	0.00320325556974179	0.00139971022792839	0.00253807106598985	47
canarito222	0.00319209513443484	0.0132605626478956	0.00888324873096447	48
mcuenta_corriente_lag1/mpayroll_sobre_edad_-_mpayroll_delta2/cpayroll_trx_lag2	0.00318892933230269	0.00825579722223409	0.00380710659898477	49
mcuenta_corriente_lag1/mpayroll_sobre_edad/Master_fechaalta_delta1	0.00296573107602843	0.0059136866729066	0.00253807106598985	50
ccomisiones_mantenimiento_delta2/ccallcenter_transacciones_+_mrentabilidad_lag2	0.00288080399448745	0.00394696914654004	0.00253807106598985	51
mpasivos_margen_lag2_-_mcuentas_saldo_delta1/mprestamos_personales_lag1	0.00286052913584194	0.000769306384815602	0.00126903553299492	52
mactivos_margen_lag1_+_Visa_fechaalta_lag1	0.00273054024813734	0.00258287495494571	0.00253807106598985	53
mcuentas_saldo_lag2_-_ccomisiones_mantenimiento_lag1/mtarjeta_master_consumo_delta2	0.00268249884284019	0.00191899203767892	0.00380710659898477	54
mcaja_ahorro_delta1/mpasivos_margen_delta1/mrentabilidad_lag1_-_cpayroll_trx_lag2	0.00263101385903942	0.00761399624749441	0.00380710659898477	55
Visa_fechaalta_delta1/mactivos_margen_lag1/Visa_fechaalta_lag2	0.00260618907069816	0.00199449803470712	0.00380710659898477	56
cliente_edad_-_mtarjeta_visa_consumo_delta1	0.00260441258714736	0.00268687378104116	0.00380710659898477	57
ccomisiones_mantenimiento_lag1_-_mtarjeta_visa_consumo_lag1/mrentabilidad_annual_delta1/cdescubierto_preacordado_lag1	0.0025461854816287	0.000400324248394785	0.00126903553299492	58
mcomisiones_delta1_-_mrentabilidad_annual_delta2/mprestamos_personales_lag1/ctarjeta_visa_transacciones	0.00252070022782813	0.000769306384815602	0.00126903553299492	59
canarito101	0.00248779597856066	0.0051970920218654	0.0101522842639594	60
mcaja_ahorro_lag2/cproductos_lag2/mcaja_ahorro_lag2/mrentabilidad_annual_lag2	0.0024546875796423	0.00296254190226675	0.00380710659898477	61
mpasivos_margen_delta1/Visa_mpagominimo/mpasivos_margen_-_cpayroll_trx_delta2	0.00244541670516942	0.000750786045921893	0.00126903553299492	62
mpasivos_margen_lag1_-_ctarjeta_visa_transacciones_lag2	0.00229541759018919	0.000989413489360065	0.00253807106598985	63
cliente_edad_delta1_-_mrentabilidad_annual_lag2	0.00229526559091642	0.000411009059295002	0.00126903553299492	64
Master_fechaalta_lag2_-_cliente_antiguedad_lag1/mcuentas_saldo_lag1	0.00226325428967798	0.00142535377408891	0.00253807106598985	65
ctrx_quarter_delta1_-_cdescubierto_preacordado_lag2	0.00220985662716212	0.00245109562050971	0.00380710659898477	66
canarito20	0.00220800388958285	0.00444773061739687	0.00380710659898477	67
mcomisiones_delta2_-_Visa_status_lag1_-_mcuenta_corriente_lag2	0.00220498641782717	0.000504323074490228	0.00126903553299492	68
Visa_fechaalta_delta2_-_mtarjeta_visa_consumo_lag1_-_mrentabilidad_annual_lag2	0.00219960252726786	0.00138617613412145	0.00253807106598985	69
mtarjeta_visa_consumo_lag1/ctarjeta_visa_transacciones_lag2_-_mactivos_margen_delta1_-_mcaja_ahorro_lag2/cproductos_lag2	0.00214131811993131	0.00383584711317779	0.00253807106598985	70
mrentabilidad_annual_lag1_-_mactivos_margen_lag2/mcaja_ahorro_lag2	0.00207791693372819	0.000432378681095435	0.00126903553299492	71
cliente_antiguedad_delta1_+_mcomisiones_lag2/Visa_fechaalta_lag1	0.00206809510959002	0.000733690348481546	0.00126903553299492	72
mpayroll_delta2/cpayroll_trx_lag2_-_mcomisiones_delta2_-_Visa_status_lag1	0.00205260504813581	0.00685893627721243	0.00380710659898477	73
canarito185	0.00204976577803801	0.0031605670642841	0.00380710659898477	74
mcomisiones_lag2_-_mpayroll_sobre_edad_lag1	0.00204795704041007	0.00314988225338388	0.00380710659898477	75
mcomisiones_delta1/mrentabilidad/cliente_edad_lag1_-_mpasivos_margen_-_cpayroll_trx_delta2	0.00200713373430801	0.00347470050475047	0.00126903553299492	76
mpayroll_sobre_edad/mactivos_margen_lag1_-_mprestamos_personales_lag1	0.00195654367007496	0.000814894911323193	0.00126903553299492	77
ctarjeta_visa_transacciones_lag1_+_mactivos_margen_lag2/mtarjeta_visa_consumo/cpayroll_trx_lag2	0.00192103161932735	0.00927156657848136	0.00634517766497462	78
mcaja_ahorro_lag1_-_mprestamos_personales_lag1/ctarjeta_visa_transacciones	0.00190550854688338	0.00049292594286333	0.00126903553299492	79
Master_mpagominimo_lag1_-_mpasivos_margen_delta1	0.00189447365407203	0.000400324248394785	0.00126903553299492	80
mrentabilidad_annual_lag1/Visa_fechaalta_lag1/chomebanking_transacciones_delta2/mcaja_ahorro_lag1	0.00187957708935989	0.00693800387787404	0.00253807106598985	81
mcomisiones_lag1/mtarjeta_visa_consumo_delta1_-_Visa_mpagominimo_lag2/mactivos_margen_lag1/Visa_fechaalta_lag2	0.0018494783714395	0.00306796536981555	0.00253807106598985	82
Visa_status_delta2_-_mrentabilidad_annual_delta2	0.00178116226649191	0.00171455598912144	0.00253807106598985	83
mcomisiones_lag2/Visa_fechaalta_lag1_-_mprestamos_personales_lag2	0.00177700918845394	0.00205433297574833	0.00253807106598985	84
mrentabilidad_annual_lag2_-_mcuenta_corriente	0.00176044794551382	0.00132349191017351	0.00253807106598985	85
mcaja_ahorro_lag1/mpasivos_margen_lag1/ctarjeta_visa_transacciones_delta2_-_Master_mpagominimo_lag2/cliente_antiguedad_lag1	0.00173430546326065	0.00819881156409961	0.00380710659898477	86
mtarjeta_visa_consumo_lag1/mcuenta_corriente_lag1/mtarjeta_visa_consumo_delta1/mprestamos_personales_lag1	0.00172197546682004	0.000804922421149657	0.00126903553299492	87
mcomisiones_lag2/Visa_fechaalta_lag2_+_cliente_edad_delta2	0.00169017855451404	0.0021910985552711	0.00380710659898477	88
mtarjeta_visa_consumo_lag1/ctarjeta_visa_transacciones_lag2/mcomisiones_lag2/ctarjeta_visa_transacciones_lag2	0.00169004573004492	0.00238057586856828	0.00380710659898477	89
mprestamos_personales_lag2/Master_fechaalta_lag1_+_Visa_mpagominimo	0.00164227425491997	0.00638310603178945	0.00634517766497462	90
mcuentas_saldo_-_mpayroll_sobre_edad_lag1	0.00157139201321293	0.0013163687029067	0.00126903553299492	91
mcaja_ahorro_lag1/mcuenta_corriente_delta2/mcuenta_corriente_lag2/mtarjeta_visa_consumo_lag1	0.00155765573081564	0.00175017202545549	0.00253807106598985	92
mtarjeta_visa_consumo_delta1_-_mcuentas_saldo_delta1/mprestamos_personales_lag1	0.00152760579257819	0.00057626746788502	0.00126903553299492	93
Master_mpagominimo_lag1_-_mcomisiones_delta2_-_Visa_status_lag1	0.00151111218613455	0.00457238674456606	0.00380710659898477	94
canarito48	0.00149361026484982	0.00308648570870926	0.00380710659898477	95
mactivos_margen_lag1/Visa_fechaalta_lag2/mcaja_ahorro/cproductos_lag1/mcuentas_saldo_lag2	0.00147885765426066	0.00136836811595442	0.00253807106598985	96
chomebanking_transacciones_lag2/mcaja_ahorro/cproductos_lag1/mcuentas_saldo_lag2	0.0014479424649328	0.00122804093279824	0.00253807106598985	97
internet_delta2_-_ctrx_quarter_lag2	0.00139148897711716	0.00392559952473961	0.00761421319796954	98
cliente_antiguedad_lag2_-_Master_mpagominimo_lag1	0.00137144517402267	0.000383228550954439	0.00126903553299492	99
chomebanking_transacciones/cliente_edad_lag1/mactivos_margen_delta2_-_mcomisiones	0.00136352448555858	0.00219750944181123	0.00380710659898477	100
mcuenta_corriente/mpasivos_margen_lag1_-_mcomisiones_lag2/ccomisiones_mantenimiento_lag2	0.00135732628592454	0.000789251365162673	0.00253807106598985	101
mcomisiones_lag1/cliente_edad_lag2	0.00135609678246507	0.00194748486674616	0.00380710659898477	102
mcuentas_saldo_lag1_-_mtarjeta_visa_consumo_delta2	0.00132887202206112	0.00101220775261386	0.00126903553299492	103
mcaja_ahorro_delta1/mpayroll_lag1/cdescubierto_preacordado_lag1	0.00131232343512739	0.000465145434522767	0.00126903553299492	104
mcomisiones_delta2/mcaja_ahorro/mactivos_margen_lag2	0.00124566510802238	0.00410296738568321	0.00380710659898477	105
canarito99	0.00123448944098915	0.000914619813058549	0.00253807106598985	106
mcuenta_corriente_-_chomebanking_transacciones/cliente_edad_lag1	0.00119958858917204	0.00120880827317785	0.00253807106598985	107
mactivos_margen_lag1/cdescubierto_preacordado_lag1_-_mpayroll_sobre_edad_lag1	0.00118556799806145	0.000856209513470697	0.00126903553299492	108
Visa_mpagominimo/mcuenta_corriente_lag1/mpayroll_sobre_edad/Visa_fechaalta_lag1	0.00118241010187301	0.00059550012750541	0.00126903553299492	109
mpayroll_sobre_edad/ctarjeta_visa_transacciones_lag1_+_cliente_edad_delta1	0.00115848134606487	0.000616157428579162	0.00126903553299492	110
cliente_edad_lag2/ctarjeta_visa_transacciones_+_mpasivos_margen_delta1/mrentabilidad_lag1	0.00115568476255122	0.00893677583694124	0.0101522842639594	111
canarito173	0.00114185695028882	0.00119883578300431	0.00253807106598985	112
mcuenta_corriente/mpasivos_margen_lag1/Master_mpagominimo_lag2/cliente_antiguedad_lag1	0.00113691511368149	0.00226304294866589	0.00253807106598985	113
canarito13	0.00113660009677862	0.00086404504146419	0.00253807106598985	114
mpasivos_margen_lag1/ctarjeta_visa_transacciones_delta2/Master_mpagominimo_lag2	0.0011246142028687	0.00315771778137737	0.00380710659898477	115
Visa_fechaalta_lag1/ctrx_quarter_lag2_-_Master_status_delta1	0.00111982952094881	0.00075577229100866	0.00126903553299492	116
mcuenta_corriente_-_mcomisiones_lag2/Visa_fechaalta_lag1	0.00110872400180123	0.00123801342297177	0.00253807106598985	117
mtarjeta_visa_consumo_lag1/ctarjeta_visa_transacciones_lag2_-_mtarjeta_visa_consumo_lag1/Master_fechaalta_delta2	0.00109758321106607	0.00214408538731015	0.00253807106598985	118
mpayroll_sobre_edad/cliente_antiguedad_delta2_+_ccomisiones_mantenimiento_delta2/ccallcenter_transacciones	0.00108104324961408	0.00101933095988067	0.00126903553299492	119
mcomisiones/ctarjeta_visa_transacciones_lag1/mtarjeta_visa_consumo_lag1/mrentabilidad_annual_delta1/cdescubierto_preacordado_lag1	0.00107279407736594	0.00130140996764639	0.00253807106598985	120
ctarjeta_visa_transacciones_delta2/Master_mpagominimo_lag1_-_mcaja_ahorro_lag1	0.00106701568827566	0.00279372189004332	0.00126903553299492	121
mpayroll_sobre_edad/ctarjeta_visa_transacciones_lag1_-_Visa_mpagominimo_lag2/mactivos_margen_lag1/Visa_fechaalta_lag2	0.00106481265279076	0.00109269999472883	0.00253807106598985	122
canarito65	0.00106419002815458	0.000631828484566147	0.00126903553299492	123
mpayroll_sobre_edad_lag1/mrentabilidad_annual_+_Visa_status_delta1_-_mcaja_ahorro_lag2	0.00104797685718931	0.000661033634360072	0.00126903553299492	124
ctrx_quarter_lag2/mpayroll	0.00104533982880173	0.0029568433364533	0.00126903553299492	125
mcaja_ahorro_delta1/mpasivos_margen_delta1/mrentabilidad_lag1/mpayroll_sobre_edad_delta2	0.00103857894566732	0.000869031286550957	0.00253807106598985	126
chomebanking_transacciones_lag1_-_mtarjeta_visa_consumo_lag1/mrentabilidad_annual_delta1/mtarjeta_master_consumo_delta2	0.00103840936154144	0.00170244653676786	0.00126903553299492	127
mtarjeta_visa_consumo_delta1/mprestamos_personales_lag1/cliente_antiguedad_lag1	0.00102280851233277	0.001052097713308	0.00126903553299492	128
cliente_antiguedad_lag2/mactivos_margen_lag2	0.00102250037991579	0.00250309503355743	0.00126903553299492	129
mpasivos_margen_delta2/Visa_mpagominimo/kmes	0.00101986812137986	0.000636102408926234	0.00126903553299492	130
cproductos_lag1/mcuentas_saldo_lag2_-_mpayroll_lag1	0.00101545448224543	0.0041635146474511	0.00253807106598985	131
Master_status_lag1_-_cproductos_delta1/ccomisiones_mantenimiento_delta1	0.00100376720092356	0.00206715474882859	0.00126903553299492	132
mcaja_ahorro_lag1_-_mrentabilidad_delta2_-_Visa_mpagominimo_lag1/Visa_mpagominimo_delta2	0.000994250265703247	0.000846949344023843	0.00126903553299492	133
canarito96	0.000976368091844492	0.000658184351453348	0.00126903553299492	134
ccomisiones_mantenimiento_lag1/mprestamos_personales_delta1_-_Visa_fechaalta_lag2/kmes_delta2	0.000972382594594713	0.000834839891670264	0.00126903553299492	135
chomebanking_transacciones_delta2/mcaja_ahorro_lag1/cdescubierto_preacordado_delta1	0.000968258326460753	0.000529254299924067	0.00126903553299492	136
Visa_fechaalta_lag1/ctrx_quarter_lag2_-_ccallcenter_transacciones_lag2	0.000962337604997057	0.000599774051865497	0.00126903553299492	137
mcomisiones_delta2_-_Visa_status_lag1/mcuenta_corriente_lag1/mpayroll_sobre_edad/Visa_fechaalta_lag1	0.000959374573148282	0.00419414443869839	0.00253807106598985	138
mprestamos_personales_lag1_-_Master_fechaalta_lag2	0.000956072118655658	0.00366987638386109	0.00126903553299492	139
mactivos_margen_lag1/mpasivos_margen_delta1/Visa_mpagominimo_+_Visa_status_delta1	0.000954497749619031	0.00157565344741862	0.00126903553299492	140
cliente_antiguedad_lag2_+_chomebanking_transacciones_delta1/ctrx_quarter_lag1/mtarjeta_visa_consumo_lag1/mrentabilidad_annual_delta1	0.000944483668660107	0.00058908924096528	0.00126903553299492	141
mprestamos_personales_delta2_-_mactivos_margen_lag1/mpasivos_margen_delta1/Visa_mpagominimo	0.000943441233480169	0.00167893995278738	0.00253807106598985	142
mactivos_margen_delta1/mcomisiones_delta1/mrentabilidad/cliente_edad_lag1	0.000935991424771569	0.000651061144186537	0.00126903553299492	143
kmes_lag2/mpayroll_lag2_-_ccomisiones_mantenimiento/mcomisiones_lag2/Visa_fechaalta_lag1	0.000929076562068558	0.00481528811236432	0.00380710659898477	144
cdescubierto_preacordado_lag2/mtarjeta_visa_consumo_delta2	0.000928842498305436	0.000539226790097602	0.00126903553299492	145
cproductos_delta1/mprestamos_personales_delta2	0.000925438604967592	0.00205718225865505	0.00126903553299492	146
mrentabilidad_annual_lag1/ctrx_quarter_lag1_+_mprestamos_personales_lag1	0.000920888738869863	0.00314418368757043	0.00126903553299492	147
canarito80	0.000917985489161844	0.00182567802248369	0.00253807106598985	148
mtarjeta_visa_consumo_lag1_-_cproductos_lag1	0.000914448548761806	0.000888263946171347	0.00126903553299492	149
mrentabilidad_annual_lag2_+_mtarjeta_visa_consumo_lag1/mrentabilidad_annual_delta1/cdescubierto_preacordado_lag1	0.000914444542086414	0.00048010416978307	0.00126903553299492	150
mactivos_margen/Master_mpagominimo_delta2_-_mpasivos_margen_lag1/Master_mpagominimo_delta1	0.000908386830483155	0.000475830245422983	0.00126903553299492	151
mcomisiones_delta1/mrentabilidad/ctrx_quarter/cproductos_lag2	0.000908364100011864	0.0165878127622231	0.016497461928934	152
ctrx_quarter_delta1/ctarjeta_visa_transacciones_delta2	0.000907830443186976	0.00291695337575916	0.00380710659898477	153
ctarjeta_visa_transacciones_lag2_-_Master_status_lag2	0.000896219447692597	0.00047369328324294	0.00126903553299492	154
ctrx_quarter/cproductos_lag2/mpasivos_margen_delta1/mrentabilidad_lag1	0.000893329362775149	0.000652485785639899	0.00126903553299492	155
mpayroll_sobre_edad_lag2_-_Visa_fechaalta_lag2	0.000892934991440222	0.00197027912999996	0.00126903553299492	156
mcomisiones_lag2/Visa_fechaalta_lag1_-_mtarjeta_visa_consumo_lag1	0.000890863921851139	0.0026512577447071	0.00126903553299492	157
cproductos_lag1/mcuentas_saldo_lag2_-_ccomisiones_mantenimiento_lag1/mtarjeta_master_consumo_delta2	0.000888507360740932	0.000510733961030358	0.00126903553299492	158
chomebanking_transacciones_delta1/ctrx_quarter_lag1_-_mtarjeta_visa_consumo_delta2	0.000887279298834045	0.00531177565886106	0.00634517766497462	159
Visa_mpagominimo/mpayroll_delta1	0.000884645745427093	0.000989413489360065	0.00253807106598985	160
mpasivos_margen_-_Visa_mpagominimo_lag2/Master_fechaalta/mrentabilidad_annual_lag2/mpasivos_margen_delta2	0.000878439094267194	0.000450186699262463	0.00126903553299492	161
Master_status_lag2_+_mcaja_ahorro_lag1/mpasivos_margen_lag2	0.000878285823033978	0.000676704690347057	0.00126903553299492	162
mtarjeta_visa_consumo_lag1/ctarjeta_visa_transacciones_lag2_-_Master_fechaalta_delta1	0.000871589205700888	0.00104212522313447	0.00126903553299492	163
mactivos_margen_lag1/mprestamos_personales_delta1_-_mcaja_ahorro/mactivos_margen_delta1	0.000871277193804557	0.000382516230227757	0.00126903553299492	164
canarito47	0.000863891110314082	0.000443775812722333	0.00126903553299492	165
mtarjeta_visa_consumo_delta2_-_mactivos_margen_lag2/ctarjeta_visa_transacciones_lag2	0.000858665678944714	0.0015500099012581	0.00380710659898477	166
mactivos_margen_lag2/ctarjeta_visa_transacciones_lag2/mcaja_ahorro_lag1/mpasivos_margen_lag2	0.000858092624248827	0.000730841065574822	0.00126903553299492	167
mpayroll_sobre_edad_lag1/mrentabilidad_annual_+_Visa_status_delta1_-_cliente_antiguedad_lag2	0.00085096983656977	0.000668156841626884	0.00126903553299492	168
mpayroll_sobre_edad_lag1/mrentabilidad_annual/mcomisiones_lag2/ccomisiones_mantenimiento_lag2	0.000837779225201942	0.00201871693941427	0.00126903553299492	169
cliente_edad_lag2/ctarjeta_visa_transacciones_+_cpayroll_trx_delta1	0.00083401469317043	0.00586097493913219	0.0101522842639594	170
canarito174	0.000814269135173155	0.0010371389780477	0.00126903553299492	171
mtarjeta_master_consumo_lag2_+_mcuenta_corriente_delta2/mcuenta_corriente_lag2	0.000809679886000251	0.00144601107516266	0.00253807106598985	172
mtarjeta_visa_consumo_lag2/mtarjeta_visa_consumo_-_mpasivos_margen_lag1/Visa_fechaalta_lag2/mcomisiones_delta1/mrentabilidad/cliente_edad_lag1	0.000805055944106302	0.000846237023297162	0.00253807106598985	173
mactivos_margen/mtarjeta_visa_consumo_lag1/Master_fechaalta_delta2	0.000801151852324788	0.000588376920238599	0.00126903553299492	174
mcuentas_saldo/ctrx_quarter/cproductos_lag2	0.00079332751486415	0.000532815903557472	0.00126903553299492	175
mrentabilidad_annual/cproductos_delta1/ccomisiones_mantenimiento_delta1	0.00078957268764046	0.00274528408062901	0.00126903553299492	176
mpasivos_margen_-_ccomisiones_mantenimiento/mcomisiones_lag2/Visa_fechaalta_lag1	0.000775990757642765	0.000727279461941416	0.00126903553299492	177
mactivos_margen_lag2_+_mprestamos_personales_lag1	0.000764592465733238	0.00179362358978304	0.00126903553299492	178
Visa_fechaalta_lag2/kmes_delta2/mpayroll_sobre_edad/ctarjeta_visa_transacciones_lag1/Visa_mpagominimo/kmes	0.000761845457829313	0.00128004034584596	0.00253807106598985	179
canarito234	0.000760614727442153	0.00168036459424074	0.00126903553299492	180
cpayroll_trx_delta2_-_cliente_edad_lag1	0.000757035748749519	0.00105637163766809	0.00126903553299492	181
canarito12	0.000747102405479626	0.00142606609481559	0.00253807106598985	182
canarito55	0.000743968326750463	0.000418132266561813	0.00126903553299492	183
mcuentas_saldo/mcomisiones_lag2/ctarjeta_visa_transacciones_lag2	0.000743542220002517	0.0029568433364533	0.00126903553299492	184
canarito43	0.000743291071413318	0.000399611927668104	0.00126903553299492	185
canarito24	0.000735365740293614	0.000411721380021683	0.00126903553299492	186
mcaja_ahorro_delta2/mcomisiones_delta1_-_mcaja_ahorro_delta1	0.000732438895719403	0.000604047976225584	0.00126903553299492	187
mcuenta_corriente/mpasivos_margen_lag1/mtarjeta_master_consumo_lag2	0.000731916247173938	0.00240265781109539	0.00126903553299492	188
mcomisiones_lag2/Visa_fechaalta_lag2_+_Master_fechaalta	0.000731586427831423	0.00189406081224508	0.00126903553299492	189
Visa_status_delta1_-_mpayroll_sobre_edad/ctarjeta_visa_transacciones_lag1/Visa_mpagominimo/kmes	0.000718168003903087	0.00233213805915396	0.00380710659898477	190
mtarjeta_visa_consumo_delta2/mtarjeta_master_consumo_lag2/mactivos_margen_lag2/mcaja_ahorro_lag2	0.000713547993632415	0.00232430253116047	0.00126903553299492	191
mpasivos_margen_delta2/mcuentas_saldo	0.000706015062308954	0.000919606058145316	0.00126903553299492	192
mcaja_ahorro_lag2/mrentabilidad_annual_lag2_-_cliente_antiguedad	0.000700409787034782	0.000924592303232084	0.00126903553299492	193
mpasivos_margen_delta2_-_mcaja_ahorro_lag2/mcuentas_saldo_delta1	0.000697604096692637	0.000876154493817768	0.00126903553299492	194
cliente_antiguedad_delta1_-_mcomisiones_lag2/ctarjeta_visa_transacciones_lag2	0.000691129500054633	0.000547774638817776	0.00126903553299492	195
ccallcenter_transacciones_delta1/mcaja_ahorro_lag1	0.000688874441387669	0.000950235849392604	0.00126903553299492	196
canarito49	0.000674096677780777	0.00100650918680041	0.00126903553299492	197
mcaja_ahorro_lag1/mpasivos_margen_lag1/ctarjeta_visa_transacciones_delta2_-_mcuenta_corriente_lag1/mpayroll_sobre_edad/Visa_fechaalta_lag1	0.000671967082111873	0.00137620364394791	0.00253807106598985	198
mpasivos_margen_-_Visa_mpagominimo_lag2/mpasivos_margen_lag2	0.00067104956934681	0.000415282983655089	0.00126903553299492	199
mtarjeta_master_consumo_lag1_-_mcuentas_saldo_delta2_+_mcuenta_corriente_delta2/mcuenta_corriente_lag2	0.000670523104920019	0.000754347649555298	0.00126903553299492	200
mactivos_margen_delta2/mtarjeta_visa_consumo_delta2_-_mpayroll_delta1	0.000653067165005255	0.000773580309175688	0.00253807106598985	201
canarito187	0.000650496914540855	0.000510021640303677	0.00126903553299492	202
mcuenta_corriente_+_mactivos_margen/Master_mpagominimo_delta2	0.00064453161086368	0.000464433113796085	0.00126903553299492	203
Master_fechaalta/mrentabilidad_annual_lag2/mpasivos_margen_delta2_-_mcaja_ahorro_delta1	0.000637399665069443	0.000633253126019509	0.00126903553299492	204
Visa_mpagominimo_lag2/mactivos_margen_lag1/Visa_fechaalta_lag2_-_mtarjeta_visa_consumo_lag1/Master_fechaalta_delta2	0.000631376944302958	0.00296752814735352	0.00253807106598985	205
canarito186	0.000625281443549953	0.000451611340715825	0.00126903553299492	206
mcuenta_corriente_delta2/mcuenta_corriente_lag2_-_Master_status_delta2	0.000616305027919309	0.000411009059295002	0.00126903553299492	207
canarito102	0.000608017887651984	0.00044804973708242	0.00126903553299492	208
mtarjeta_visa_consumo_lag1/mrentabilidad_annual_delta1/mcuenta_corriente	0.000604477830948864	0.00037752998514099	0.00126903553299492	209
mcuentas_saldo/chomebanking_transacciones_delta1/ctrx_quarter_lag1/mtarjeta_visa_consumo_lag1/mrentabilidad_annual_delta1	0.00059843525567486	0.0014182305668221	0.00126903553299492	210
mactivos_margen_lag2/ctarjeta_visa_transacciones_lag2_-_mcaja_ahorro/cliente_antiguedad/mcaja_ahorro_lag1_-_mrentabilidad_delta2	0.000594727999771688	0.000543500714457689	0.00126903553299492	211
canarito144	0.0005892756141426	0.000591226203145323	0.00126903553299492	212
cproductos_lag1/mcuentas_saldo_lag2_-_ctrx_quarter_delta2	0.000578512348483556	0.000380379268047714	0.00126903553299492	213
canarito148	0.000577922985612927	0.00121165755608457	0.00253807106598985	214
mpayroll_sobre_edad_lag1/mrentabilidad_annual_+_Visa_status_delta1_+_mpasivos_margen_lag1	0.000575671043249044	0.00051856948902385	0.00126903553299492	215
canarito171	0.00057150969746821	0.000539939110824283	0.00126903553299492	216
canarito225	0.000568980213335964	0.0016141187666594	0.00126903553299492	217
ctrx_quarter_delta2/kmes_delta2/ccomisiones_mantenimiento_lag2	0.00056391138737805	0.000543500714457689	0.00126903553299492	218
canarito165	0.00056362875776792	0.000752210687375255	0.00126903553299492	219
mcuentas_saldo_-_mcaja_ahorro_lag1	0.000562465931532182	0.000516432526843807	0.00126903553299492	220
mtarjeta_visa_consumo_lag1/mrentabilidad_annual_delta1/mcomisiones_delta1/mrentabilidad/cliente_edad_lag1	0.000560348626181046	0.000378242305867671	0.00126903553299492	221
Visa_mpagominimo/ccallcenter_transacciones_delta1	0.000559238864544983	0.00399611927668104	0.00380710659898477	222
mactivos_margen_lag2/ctarjeta_visa_transacciones_lag2_-_ctarjeta_visa_transacciones_lag1	0.000556672914896826	0.000548486959544457	0.00126903553299492	223
Visa_fechaalta_delta1/mtarjeta_visa_consumo_lag1/mrentabilidad_annual_delta1	0.000555966150077435	0.000400324248394785	0.00126903553299492	224
mtarjeta_visa_consumo_delta2/mtarjeta_master_consumo_lag2/mactivos_margen_delta1_-_mcaja_ahorro_lag2/cproductos_lag2	0.000554624676997671	0.000798511534609527	0.00126903553299492	225
canarito193	0.000541607751828148	0.00039676264476138	0.00126903553299492	226
canarito111	0.000539424113739981	0.000683115576887187	0.00126903553299492	227
mactivos_margen_lag2/mtarjeta_visa_consumo/chomebanking_transacciones_delta2_-_mcuentas_saldo_delta2	0.00053887380005491	0.00047369328324294	0.00126903553299492	228
canarito123	0.000524063760451811	0.000411721380021683	0.00126903553299492	229
mrentabilidad_annual_delta1/ccomisiones_mantenimiento_lag1/mprestamos_personales_delta1	0.000523409972784814	0.000485802735596519	0.00126903553299492	230
canarito115	0.000517251362919523	0.000525692696290661	0.00126903553299492	231
mactivos_margen_delta1_-_cproductos_delta1	0.00051529731369107	0.00175230898763554	0.00126903553299492	232
canarito207	0.000513561278482312	0.000487939697776562	0.00126903553299492	233
canarito137	0.000490661634068474	0.000397474965488061	0.00126903553299492	234
Master_mpagominimo_lag2/cliente_antiguedad_lag1_-_mcaja_ahorro_lag1/mpasivos_margen_lag2	0.000481121358374056	0.00056985658134489	0.00126903553299492	235
mpayroll_delta1_-_Master_mpagominimo_lag2	0.000469773785887138	0.00116321974667026	0.00126903553299492	236
canarito120	0.000469099416310245	0.00292407658302597	0.00253807106598985	237
mpayroll_sobre_edad_delta2/cdescubierto_preacordado_lag1/mcuentas_saldo_delta1	0.000468562084571431	0.00163263910555311	0.00126903553299492	238
ccomisiones_mantenimiento_delta1_-_mpasivos_margen_delta1/Visa_mpagominimo/ctrx_quarter_lag1	0.000467589225627651	0.00209849686080256	0.00126903553299492	239
canarito81	0.000467124737473379	0.000424543153101943	0.00126903553299492	240
mrentabilidad_lag1/cproductos_delta2/mpasivos_margen_delta1	0.000459998928888273	0.000386790154587844	0.00126903553299492	241
mcaja_ahorro_lag1/mcuenta_corriente_delta2/mcuenta_corriente_lag2/mactivos_margen_lag2/mcaja_ahorro_lag2	0.000457348099729895	0.000876154493817768	0.00126903553299492	242
mcuenta_corriente_delta1_-_mactivos_margen_lag2/mtarjeta_visa_consumo/chomebanking_transacciones_delta2	0.000455558578584567	0.000464433113796085	0.00126903553299492	243
canarito3	0.000446290375228614	0.000571281222798252	0.00126903553299492	244
mcuenta_corriente_delta2/mcuenta_corriente_lag2/mcaja_ahorro_delta1	0.000441313925397773	0.000483665773416476	0.00126903553299492	245
mcaja_ahorro_lag1/mpasivos_margen_lag2_-_mprestamos_personales	0.000438866450915001	0.000374680702234265	0.00126903553299492	246
mpasivos_margen_delta2/cdescubierto_preacordado_lag1	0.000434179499280674	0.00163620070918652	0.00126903553299492	247
mtarjeta_visa_consumo/mcomisiones_lag2/Visa_fechaalta_lag1	0.00043058401690131	0.000470131679609534	0.00126903553299492	248
Visa_mpagominimo_delta2/ccomisiones_mantenimiento_lag1/ccomisiones_mantenimiento_lag2	0.000430063260397002	0.000993687413720152	0.00253807106598985	249
mpayroll_sobre_edad_delta1/cpayroll_trx/kmes_delta2/ctarjeta_visa_transacciones_lag2	0.000418589223243175	0.0020970722193492	0.00253807106598985	250
canarito177	0.000416129140452525	0.000541363752277646	0.00126903553299492	251
mcomisiones_lag2/ccomisiones_mantenimiento_lag2_-_mcuenta_corriente_delta2/Visa_mpagominimo_delta2	0.000408617037481296	0.000534240545010834	0.00126903553299492	252
mtarjeta_visa_consumo_lag2/mtarjeta_visa_consumo_-_cproductos_delta1/ccomisiones_mantenimiento_delta1	0.000402256472096885	0.00191543043404551	0.00126903553299492	253
canarito14	0.000397324159293369	0.000514295564663763	0.00126903553299492	254
chomebanking_transacciones_delta1/chomebanking_transacciones_lag2	0.000390823678260378	0.000498624508676779	0.00126903553299492	255
cliente_edad_lag1/ccomisiones_mantenimiento_-_mpayroll_lag1	0.000381427642880041	0.00203011407104117	0.00126903553299492	256
mcomisiones/Master_fechaalta_delta1_-_mcuentas_saldo_delta1/mpayroll_delta1	0.000364833440264975	0.0020970722193492	0.00253807106598985	257
mactivos_margen_lag1/Visa_fechaalta_lag2_-_mpasivos_margen_delta1/mcuenta_corriente_lag2	0.000360784615284708	0.000544925355911051	0.00126903553299492	258
cpayroll_trx_delta2/Master_mpagominimo_delta1_+_mcomisiones_delta2_-_Visa_status_lag1	0.00035910874380484	0.00195816967764638	0.00126903553299492	259
mcaja_ahorro_lag2/mrentabilidad_annual_lag2_+_Visa_status_lag2	0.000356614597733163	0.00207783955972881	0.00380710659898477	260
mcomisiones_lag2/ctarjeta_visa_transacciones_lag2/Visa_fechaalta_-_mactivos_margen	0.000351631874137844	0.000383228550954439	0.00126903553299492	261
canarito238	0.000350749515179486	0.00056344569480476	0.00126903553299492	262
canarito33	0.000347007089570102	0.000623280635845974	0.00126903553299492	263
mpasivos_margen_delta2_-_mpayroll_sobre_edad_delta1	0.00034404720582342	0.000643937936919726	0.00126903553299492	264
canarito40	0.000328380882451016	0.000452323661442506	0.00126903553299492	265
mpayroll_sobre_edad/ctarjeta_visa_transacciones_lag1/Visa_mpagominimo/kmes/ctarjeta_visa_transacciones_lag2	0.000328008233318647	0.0029604049400867	0.00380710659898477	266
canarito210	0.000324627549780846	0.000913907492331867	0.00126903553299492	267
canarito112	0.0003133478681825	0.000400324248394785	0.00126903553299492	268
mpayroll_delta1/chomebanking_transacciones_delta1/ctrx_quarter_lag1	0.000312714241088503	0.000517144847570488	0.00126903553299492	269
canarito172	0.000312685812772632	0.00178293877888282	0.00126903553299492	270
mcaja_ahorro_lag2/cproductos_lag2/chomebanking_transacciones/cliente_edad_lag1	0.000309878237151065	0.00126009536549889	0.00380710659898477	271
mcaja_ahorro_delta1_-_Master_mpagominimo_lag1/mtarjeta_visa_consumo_lag1_-_mrentabilidad_annual_lag2	0.00029520274830145	0.00173022704510842	0.00126903553299492	272
mrentabilidad_annual_lag2/mpasivos_margen_delta2/Master_fechaalta_lag2	0.000292662547902483	0.000564158015531441	0.00126903553299492	273
Visa_mpagominimo_lag2/cdescubierto_preacordado_lag1/Visa_mpagominimo	0.000278888901667224	0.000639664012559639	0.00126903553299492	274
mpayroll_delta1/Visa_mpagominimo_-_ctarjeta_visa_transacciones_delta2	0.000265524985689224	0.000594075486052048	0.00126903553299492	275
Visa_mpagominimo_lag1_-_mactivos_margen_delta2	0.000256181529973643	0.000401748889848148	0.00126903553299492	276
canarito199	0.000253842506018026	0.000380379268047714	0.00126903553299492	277
mcuentas_saldo_delta1/kmes_delta1	0.000245877473833038	0.000438077246908884	0.00126903553299492	278
mpasivos_margen/mpayroll_sobre_edad_lag2/mactivos_margen_lag1/mpasivos_margen_delta1/Visa_mpagominimo	0.00023180273866174	0.00180003447632317	0.00126903553299492	279
canarito239	0.00021834927666865	0.00062114367366593	0.00126903553299492	280
mpayroll_delta1/Visa_mpagominimo/ctrx_quarter_lag1	0.000218089701341524	0.00235849392604116	0.00253807106598985	281
canarito217	0.000214543014544602	0.000596212448232091	0.00126903553299492	282
mtarjeta_visa_consumo_lag1/mrentabilidad_annual_delta1/mcaja_ahorro_delta1/mpasivos_margen_delta1/mrentabilidad_lag1	0.00021447146676976	0.00102146792206072	0.00126903553299492	283
mpayroll_sobre_edad/ctarjeta_visa_transacciones_lag1	0.000206102555345544	0.0010485361096746	0.00126903553299492	284
mpayroll_sobre_edad_-_Master_status_lag2	0.00020055067728746	0.00348894691928409	0.00380710659898477	285
canarito30	0.000197649328843554	0.000460159189435999	0.00126903553299492	286
canarito126	0.000196156365275191	0.0025757517476789	0.00253807106598985	287
ctrx_quarter_delta2_+_mcaja_ahorro_lag1/mcuenta_corriente_delta2/mcuenta_corriente_lag2	0.000179007365314497	0.000373256060780903	0.00126903553299492	288
mactivos_margen_lag2/mtarjeta_visa_consumo/mcomisiones_delta1/mrentabilidad	0.000166014098609189	0.00330659281325372	0.00253807106598985	289
canarito38	0.000162365495981881	0.00157422880596526	0.00126903553299492	290
mactivos_margen_lag2/mtarjeta_visa_consumo/cpayroll_trx_lag2/mpasivos_margen_lag1/ctarjeta_visa_transacciones_delta2	0.000160057714554611	0.00149658584675702	0.00126903553299492	291
Visa_mpagominimo_delta2_-_mtarjeta_master_consumo_delta2/mpayroll_sobre_edad_lag1/mrentabilidad_annual_+_Visa_status_delta1	0.000153933097832122	0.0018933484915184	0.00253807106598985	292
mprestamos_personales_delta1_-_mcomisiones_delta1/mrentabilidad/cliente_edad_lag1	0.000142664816179234	0.000376817664414309	0.00126903553299492	293
mpayroll_lag2_-_mpayroll_sobre_edad_lag1	0.00013831289305705	0.00277448923042293	0.00253807106598985	294
mcomisiones_lag2/Visa_fechaalta_lag2_-_mpayroll_lag1	0.000127093031266655	0.0015728041645119	0.00126903553299492	295
mtarjeta_master_consumo_lag1_-_mcuentas_saldo_delta2/cproductos_delta2/Visa_mpagominimo_lag1	0.00012068660375857	0.000482953452689794	0.00126903553299492	296
mtarjeta_visa_consumo_delta2_-_mcomisiones_delta1	0.000102777223531943	0.00373612221144244	0.00380710659898477	297
canarito219	0.000101136698966773	0.000991550451540109	0.00126903553299492	298
Visa_fechaalta_delta1/cproductos_delta2/mrentabilidad_delta1/chomebanking_transacciones	9.07828853236424e-05	0.000510021640303677	0.00126903553299492	299
mpasivos_margen_lag2/mrentabilidad_delta2	9.03924570660843e-05	0.00124299966805854	0.00126903553299492	300
canarito198	8.97923461297236e-05	0.00146738069696309	0.00126903553299492	301
mprestamos_personales_lag1/ctarjeta_visa_transacciones_-_mcaja_ahorro_delta2	8.92484478951302e-05	0.00127505410075919	0.00126903553299492	302
canarito149	8.40894081428932e-05	0.00171099438548803	0.00126903553299492	303
canarito209	7.78205272570653e-05	0.000849798626930567	0.00126903553299492	304
mrentabilidad_annual_-_mcaja_ahorro_lag1	7.67879656700562e-05	0.000733690348481546	0.00126903553299492	305
mpasivos_margen/mpayroll	7.20997569810747e-05	0.0024966841470173	0.00634517766497462	306
mtarjeta_visa_consumo_delta2/mcuenta_corriente_lag2_-_mcuentas_saldo_delta1	7.20824275137766e-05	0.00146524373478305	0.00126903553299492	307
canarito11	7.14680871588964e-05	0.00206715474882859	0.00253807106598985	308
mcomisiones_lag2/Visa_fechaalta_lag2/kmes_delta1	7.01585793960596e-05	0.00130140996764639	0.00126903553299492	309
canarito124	6.25446381045345e-05	0.00113686387978306	0.00253807106598985	310
canarito70	6.19532602556265e-05	0.00471128928626888	0.00634517766497462	311
ctarjeta_visa_transacciones_delta1/chomebanking_transacciones_delta1/ctrx_quarter_lag1	6.13965109616506e-05	0.00219537247963119	0.00253807106598985	312
canarito106	5.74873651248187e-05	0.00141680592536873	0.00126903553299492	313
mpayroll_sobre_edad/mcaja_ahorro/mcomisiones_delta1	5.44411868119247e-05	0.00126152000695225	0.00126903553299492	314
canarito4	5.22576918193074e-05	0.00131708102363338	0.00126903553299492	315
mpayroll_lag1_-_mpasivos_margen_-_cpayroll_trx_delta2	5.09170206708529e-05	0.00143176466062904	0.00380710659898477	316
mcuenta_corriente_lag1_-_mcuenta_corriente_lag2_-_mcomisiones_lag2/ctarjeta_visa_transacciones_lag2	4.65000038852176e-05	0.0014103950388286	0.00126903553299492	317
canarito135	4.3572054295373e-05	0.000414570662928408	0.00126903553299492	318
mpayroll_sobre_edad_delta1_-_Visa_mpagominimo_delta1	4.20906138936366e-05	0.000682403256160506	0.00126903553299492	319
mpayroll_sobre_edad/mactivos_margen_lag1/mcomisiones_lag2	3.85691755114806e-05	0.00126650625203902	0.00126903553299492	320
canarito192	3.72737036760632e-05	0.00143247698135572	0.00126903553299492	321
Master_mpagominimo_lag1_-_mcaja_ahorro_lag1_-_kmes_delta2/ctarjeta_visa_transacciones_lag2/Master_mpagominimo	2.88670031253162e-05	0.00208140116336221	0.00253807106598985	322
canarito84	2.84046156699966e-05	0.00274243479772228	0.00253807106598985	323
mpasivos_margen_lag2_-_mpayroll/mtarjeta_master_consumo/cproductos_delta2	2.80762531196755e-05	0.00174376113891536	0.00253807106598985	324
mcaja_ahorro_lag2/ccomisiones_mantenimiento_-_mtarjeta_visa_consumo_delta2/mtarjeta_master_consumo_lag2	1.84137499765698e-05	0.000382516230227757	0.00126903553299492	325
mcomisiones/Master_fechaalta_delta1/mcomisiones_delta2	1.84010224224008e-05	0.0011390008419631	0.00126903553299492	326
mtarjeta_visa_consumo_delta2/mtarjeta_master_consumo_lag2_-_chomebanking_transacciones_lag2	1.73812778242793e-05	0.00107987822164857	0.00126903553299492	327
mpayroll_lag1/cdescubierto_preacordado_lag1_+_Master_mpagominimo	1.32051395409967e-05	0.000500761470856822	0.00126903553299492	328
mpayroll_lag1_+_Visa_fechaalta_delta2	1.29855574325695e-05	0.000420269228741856	0.00126903553299492	329
mpayroll_delta2/mcuentas_saldo_delta2/Visa_mpagominimo_delta2	1.11251105805532e-05	0.00092815390686549	0.00126903553299492	330
mpayroll_sobre_edad/mtarjeta_master_consumo_delta1/ctarjeta_visa_transacciones_lag1	9.39608506629183e-06	0.000807059383329701	0.00126903553299492	331
mpayroll_sobre_edad_-_mcomisiones_lag2/Visa_fechaalta_lag1	9.25666925841741e-06	0.000850510947657248	0.00126903553299492	332
mcaja_ahorro_-_Visa_status_delta1	8.19983359821467e-06	0.000416707625108451	0.00126903553299492	333
mpayroll_sobre_edad/mactivos_margen_lag1/ccomisiones_mantenimiento/mcomisiones_lag2/Visa_fechaalta_lag1	7.60363394021201e-06	0.000850510947657248	0.00126903553299492	334
Master_mpagominimo_-_mpayroll_sobre_edad_lag1/mrentabilidad_annual_+_Visa_status_delta1	7.47829863505452e-06	0.00127291713857915	0.00126903553299492	335
mpayroll_sobre_edad_lag2_+_mpayroll_sobre_edad_lag1/mrentabilidad_annual	6.64313971891639e-06	0.00221887906361167	0.00253807106598985	336
cdescubierto_preacordado_delta1_-_mcuentas_saldo_delta1/mpayroll_delta1	6.55113785129723e-06	0.00131779334436006	0.00126903553299492	337
kmes_delta2/ctarjeta_visa_transacciones_lag2_-_ctarjeta_visa_transacciones_lag2	5.22943928466439e-06	0.000421693870195219	0.00126903553299492	338
mcomisiones_delta2_-_Visa_status_lag1/mpayroll_sobre_edad_delta1/cpayroll_trx	4.68441715377451e-06	0.00129713604328631	0.00126903553299492	339
mpayroll/mtarjeta_master_consumo/cliente_antiguedad_+_cproductos_lag1/mcuentas_saldo_lag2	3.55569523316338e-06	0.00233854894569409	0.00253807106598985	340
mcomisiones_lag2/Visa_fechaalta_lag2/mpasivos_margen/mpayroll_sobre_edad_lag2	2.27297244109041e-06	0.000400324248394785	0.00126903553299492	341
mtarjeta_master_consumo_delta1/cpayroll_trx_-_mactivos_margen_lag1/Visa_fechaalta_lag2	1.50215149511487e-06	0.00074936140446853	0.00126903553299492	342
mpayroll_sobre_edad/ctarjeta_visa_transacciones_lag1/ccomisiones_mantenimiento	1.24710032259925e-06	0.00187411583189801	0.00253807106598985	343
mactivos_margen_lag2/mtarjeta_visa_consumo/cpayroll_trx_lag2/mcuentas_saldo_lag2/ccomisiones_mantenimiento_lag1	8.8162454560295e-07	0.00464433113796085	0.0050761421319797	344
mpayroll_lag1/cdescubierto_preacordado_lag1_-_mcaja_ahorro/mcomisiones_delta1	6.46172859679699e-07	0.000983002602819935	0.00126903553299492	345
ccomisiones_mantenimiento_lag2/Visa_mpagominimo/ctrx_quarter_lag1	4.62399853593757e-07	0.00344193375132314	0.00380710659898477	346
mactivos_margen_delta1_-_mpayroll_lag2	4.44391024025598e-07	0.000622568315119292	0.00126903553299492	347
mpayroll_lag1_+_ccomisiones_mantenimiento/mcomisiones_lag2/Visa_fechaalta_lag1	3.19185896069555e-07	0.000797799213882846	0.00126903553299492	348
mpayroll_-_mprestamos_personales_lag2/Master_fechaalta_lag1	2.0421342746247e-07	0.00182639034321037	0.00253807106598985	349
mactivos_margen_lag2/mtarjeta_visa_consumo/cpayroll_trx_lag2/mcuentas_saldo_delta1/mprestamos_personales_lag1	1.57163320374307e-07	0.00102146792206072	0.00126903553299492	350
Master_fechaalta_delta2/ctarjeta_visa_transacciones	1.2347259484725e-07	0.00209351061571579	0.00380710659898477	351
mpayroll_delta2/cpayroll_trx_lag2/Visa_mpagominimo_delta2/ccomisiones_mantenimiento_lag1	7.87705056323602e-08	0.000767881743362239	0.00126903553299492	352
Master_mpagominimo_-_mpayroll_lag2	5.33544473493178e-08	0.00138617613412145	0.00253807106598985	353
Visa_status_+_mpayroll_lag1	3.35128465338514e-08	0.00106135788275486	0.00126903553299492	354
ctrx_quarter_lag2/mpayroll_sobre_edad/ctarjeta_visa_transacciones_lag1/Visa_mpagominimo/kmes	2.20704320787082e-08	0.00350248101309103	0.0050761421319797	355
mactivos_margen_delta2/mtarjeta_visa_consumo_delta2_-_mpayroll_sobre_edad_lag2	2.13262739135155e-08	0.00202868942958781	0.00380710659898477	356
mpayroll_lag1_-_mpayroll_sobre_edad_lag1/mrentabilidad_annual_+_Visa_status_delta1	1.47424263813795e-08	0.00102360488424076	0.00126903553299492	357
mtarjeta_visa_consumo_lag1/Master_fechaalta_delta2_-_mpayroll_sobre_edad_delta2	1.40564137627308e-08	0.000530678941377429	0.00126903553299492	358
mpasivos_margen_delta1/mrentabilidad_lag1_-_ctarjeta_visa_transacciones_lag2	1.34263191926109e-08	0.00112902835178956	0.00126903553299492	359
mcomisiones_delta1/mrentabilidad/Visa_mpagominimo_lag2	1.30861977255128e-08	0.00245750650704984	0.00380710659898477	360
kmes_delta2/ctarjeta_visa_transacciones_lag2_+_chomebanking_transacciones/cliente_edad_lag1	9.54194985489974e-09	0.00116749367103034	0.00126903553299492	361
cpayroll_trx_delta1_-_mcaja_ahorro_lag2	6.9026256307319e-09	0.000993687413720152	0.00126903553299492	362
mtarjeta_visa_consumo_lag1/Master_fechaalta_delta2/mcaja_ahorro	5.14141113473333e-09	0.00233997358714745	0.0050761421319797	363
mcaja_ahorro_lag1/mtarjeta_visa_consumo_lag2/mtarjeta_visa_consumo_-_Visa_mpagominimo_lag1	4.11470595163561e-09	0.000804922421149657	0.00126903553299492	364
Visa_mpagominimo_delta2_-_mtarjeta_master_consumo_delta2/cproductos_delta1	4.06636810444826e-09	0.0021234280862364	0.0050761421319797	365
mcomisiones_lag2_+_mpayroll_sobre_edad_delta2	3.84824791547495e-09	0.00122519164989151	0.00253807106598985	366
mpayroll_delta2/cpayroll_trx_lag2_-_mrentabilidad_lag1	2.63083063704087e-09	0.00171740527202816	0.00253807106598985	367
mcaja_ahorro_lag1/mpasivos_margen_lag1/ctarjeta_visa_transacciones_delta2/Master_fechaalta_delta1	2.505701272645e-09	0.00143960018862253	0.00253807106598985	368
Master_mpagominimo_delta1_+_ccomisiones_mantenimiento/mcomisiones_lag2/Visa_fechaalta_lag1	2.44646435760751e-09	0.000673855407440333	0.00126903553299492	369
mpayroll_sobre_edad_lag1/Master_fechaalta_delta1/cpayroll_trx	2.21466239618937e-09	0.000735114989934908	0.00126903553299492	370
mtarjeta_visa_consumo/mcomisiones/Visa_fechaalta_lag1/ctrx_quarter_lag2	2.18298347571311e-09	0.000522843413383937	0.00126903553299492	371
mpasivos_margen_lag1/ctarjeta_visa_transacciones_delta2_-_cliente_edad_delta1/Visa_mpagominimo_lag2	2.00757337468711e-09	0.000549199280271138	0.00126903553299492	372
ccallcenter_transacciones_lag1_-_Visa_mpagominimo/ctrx_quarter_lag1	1.36441173811767e-09	0.00122305468771147	0.00126903553299492	373
Master_mpagominimo_delta2_-_mtarjeta_visa_consumo_lag2	1.18914580642083e-09	0.00106848109002167	0.00253807106598985	374
mcomisiones_lag2/ccomisiones_mantenimiento_lag2/mpayroll_delta1	1.14483536007256e-09	0.000399611927668104	0.00126903553299492	375
Visa_mpagominimo/mtarjeta_visa_consumo_delta2	9.96412216908583e-10	0.000655335068546624	0.00126903553299492	376
Visa_mpagominimo_lag2/mactivos_margen_lag1/Visa_fechaalta_lag2_-_mprestamos_personales_lag2/Master_fechaalta_lag1	9.18461825753009e-10	0.00118672633065073	0.00253807106598985	377
mcuenta_corriente_lag2_-_mcuentas_saldo_delta1/cproductos_delta1	6.91176998134948e-10	0.000426680115281986	0.00126903553299492	378
mtarjeta_visa_consumo_lag2/mtarjeta_visa_consumo_-_Visa_mpagominimo_delta2/ccomisiones_mantenimiento_lag1	6.74134509439185e-10	0.000553473204631225	0.00126903553299492	379
Visa_mpagominimo_lag2/mtarjeta_visa_consumo_delta2_+_mprestamos_personales_lag1	5.8662033014152e-10	0.000513583243937082	0.00126903553299492	380
mcomisiones/Master_fechaalta_delta1/ctrx_quarter_lag2	4.85377888794142e-10	0.000547774638817776	0.00126903553299492	381
mtarjeta_visa_consumo_lag2_-_mtarjeta_visa_consumo_lag1/ctarjeta_visa_transacciones_lag2	4.71164260713062e-10	0.000751498366648574	0.00126903553299492	382
mcomisiones/Master_fechaalta_delta1/mpayroll_lag1	4.26946187056556e-10	0.000447337416355739	0.00126903553299492	383
mcaja_ahorro/mpayroll_sobre_edad_delta1	2.97986873757251e-10	0.000391064078947931	0.00126903553299492	384
Visa_fechaalta_delta1_+_mactivos_margen_lag2/mtarjeta_visa_consumo/chomebanking_transacciones_delta2	2.34889122887065e-10	0.000459446868709318	0.00126903553299492	385
mtarjeta_visa_consumo_+_Visa_mpagominimo_delta2/ccomisiones_mantenimiento_lag1	2.11954023702584e-10	0.000596212448232091	0.00126903553299492	386
mcaja_ahorro_delta2_-_Master_status_lag1	1.21631105024963e-10	0.00037111909860086	0.00126903553299492	387
cpayroll_trx_lag2/mpayroll_sobre_edad_delta1/cpayroll_trx	1.09088479529162e-10	0.000382516230227757	0.00126903553299492	388
mcuentas_saldo_delta1/mcuentas_saldo_lag1_-_mtarjeta_visa_consumo_delta2/mtarjeta_master_consumo_lag2	8.68176312793611e-11	0.000443775812722333	0.00126903553299492	389
mprestamos_personales_delta2_-_kmes_delta2/ctarjeta_visa_transacciones_lag2	6.15939008556133e-11	0.000428104756735349	0.00126903553299492	390
mpayroll_sobre_edad_delta2/ccallcenter_transacciones_lag1	3.23423374486955e-11	0.000646074899099769	0.00126903553299492	391
mcuenta_corriente_delta1/mrentabilidad_annual_lag1/Visa_fechaalta_lag1	1.89536875729146e-18	0.000809196345509744	0.00126903553299492	392
