Feature	Gain	Cover	Frequency
ctrx_quarter_+_cpayroll_trx	0.0389336164096719	0.00244536935799565	0.00166233766233766
ctrx_quarter	0.0276240717268457	0.00207553836873378	0.00228571428571429
mcuentas_saldo	0.0267293950639077	0.0227270103808189	0.0141922077922078
ctrx_quarter_+_kmes	0.0246889482208355	0.00439124011812453	0.00334545454545455
mcaja_ahorro	0.0174875902256081	0.00613825445582424	0.00976623376623377
Master_fechaalta	0.0172726353341977	0.0119927432511262	0.0215896103896104
ccomisiones_mantenimiento_-_ctrx_quarter	0.016252698835258	0.00267355274932927	0.00324155844155844
cpayroll_trx_-_ccomisiones_mantenimiento	0.0161035560872453	0.00938072663781455	0.000976623376623377
ctrx_quarter_+_ctrx_quarter	0.0156052562351586	0.000909640220014647	0.000851948051948052
ccomisiones_mantenimiento/ctrx_quarter	0.0154204953882974	0.0119617014144295	0.00766753246753247
numero_de_cliente	0.0147470320055596	0.0167602435070517	0.0224415584415584
mprestamos_personales	0.0144796449007774	0.0261312870828619	0.00544415584415584
Visa_mpagominimo	0.0138314880759949	0.0129093730025072	0.0128311688311688
mtarjeta_visa_consumo	0.0137990425589703	0.0179134848717149	0.00721038961038961
ctarjeta_visa_transacciones	0.013698620787573	0.00911669560519447	0.00615064935064935
foto_mes	0.0129826691757597	0.0135557280289368	0.00935064935064935
cliente_edad/cproductos	0.0129299715400476	0.0185797688135026	0.017974025974026
mrentabilidad_annual_lag1	0.0119591400371798	0.0102035091252924	0.0144
mrentabilidad_annual_lag2	0.0116978020046418	0.0107154260635193	0.0114181818181818
ctrx_quarter_-_cproductos	0.0114435145481608	0.00351658047141154	0.00316883116883117
cproductos_-_ctrx_quarter	0.0113532831396226	0.00563229058158561	0.00418701298701299
mcuentas_saldo_lag1	0.0113115625382434	0.00994843458381905	0.0138805194805195
mrentabilidad_annual_delta2	0.011104561213608	0.00935310249409135	0.0149922077922078
Master_fechaalta_lag1	0.0110456815219497	0.00975959038809216	0.0151168831168831
mactivos_margen_lag1	0.0110054040370686	0.0171408919722647	0.0139948051948052
ctrx_quarter_delta2	0.0109950663251034	0.00871221320732887	0.0142025974025974
mcaja_ahorro/ccomisiones_mantenimiento	0.0105771492185805	0.00649323208880202	0.00886233766233766
cliente_edad/ccomisiones_mantenimiento	0.0104630276252602	0.0136450496796637	0.0138701298701299
cliente_antiguedad/kmes	0.0101642562603195	0.00906928545176253	0.0132051948051948
Visa_fechaalta	0.00991470809287774	0.00937354763603668	0.0141298701298701
mrentabilidad_annual/ctrx_quarter	0.00984222011807483	0.0081232460388822	0.0145558441558442
mrentabilidad_annual	0.00973490479927178	0.0132148354336677	0.0128623376623377
cliente_edad_lag2	0.00941236982467286	0.00979741060904405	0.0113350649350649
Visa_fechaalta_lag2	0.00920507494243383	0.00861746595897113	0.011574025974026
cproductos/kmes	0.00919541810984986	0.00968061815717272	0.0133818181818182
cliente_edad/ctrx_quarter	0.00908776409108973	0.00739417914942831	0.00864415584415585
mactivos_margen	0.00891486258142197	0.0129692400326541	0.0115428571428571
mcomisiones_lag2	0.0089036802783386	0.00554015417127099	0.00955844155844156
mactivos_margen/cliente_edad	0.00873459439822169	0.0112360193014793	0.0101818181818182
cliente_antiguedad/cproductos	0.00856351340631242	0.00800380662113505	0.0116779220779221
mcuentas_saldo_delta2_-_mtarjeta_master_consumo_lag1	0.00855998134206425	0.00774655798697386	0.0120623376623377
chomebanking_transacciones	0.00845104737914844	0.00664148385454784	0.0112103896103896
cproductos_delta2	0.00844044864536568	0.00814765239697291	0.00292987012987013
mrentabilidad_lag2	0.00830935778199487	0.00949686557733437	0.0123116883116883
ctrx_quarter_delta1	0.00814707504692986	0.00579031613033788	0.0114701298701299
cliente_edad/cpayroll_trx	0.00813800265603328	0.00350316981991327	0.00116363636363636
Visa_fechaalta_lag1	0.00791708610408715	0.00686646391138206	0.0113766233766234
chomebanking_transacciones_delta2	0.00784816564932144	0.00784372820864469	0.0116571428571429
mrentabilidad_delta2/cproductos	0.00779193034268728	0.00693998645944887	0.0101298701298701
mcomisiones_lag2/ccomisiones_mantenimiento	0.00776497292176735	0.00719126677564801	0.00928831168831169
chomebanking_transacciones_lag1	0.00772365856463988	0.00682869507223668	0.0125818181818182
cdescubierto_preacordado	0.00753167471063176	0.0144960199050549	0.00257662337662338
mpasivos_margen/kmes	0.00730271923232148	0.00716559353489062	0.0106077922077922
cliente_antiguedad/ccomisiones_mantenimiento	0.00714980365862039	0.00847161950404241	0.0105974025974026
cliente_antiguedad/ctrx_quarter	0.00712620910836205	0.00700913593407753	0.0108051948051948
mcuentas_saldo_lag2	0.00704298105462812	0.0103164856751899	0.0111168831168831
mcomisiones_delta2/cliente_edad	0.00701046458715633	0.00776934100111525	0.0102337662337662
cliente_edad_+_cproductos	0.00688300157686848	0.00769435086020008	0.0102961038961039
kmes/cliente_edad	0.0068519728323895	0.00784033138953016	0.0113974025974026
kmes_-_cliente_edad	0.00678814789587362	0.00933186655403025	0.0113350649350649
mprestamos_personales_delta2	0.00677104335997698	0.0152084984994144	0.00491428571428571
Visa_mpagominimo_lag2	0.00672299727823566	0.012565273058535	0.00965194805194805
mrentabilidad_delta1/ccomisiones_mantenimiento	0.00666123846242299	0.0130379993266896	0.00992207792207792
cproductos_-_cliente_edad	0.00662886093332377	0.0102272507312615	0.0096
mrentabilidad_delta2	0.00662882953204097	0.00944675787906083	0.0101818181818182
chomebanking_transacciones_delta1	0.00661835508211269	0.00844031594126889	0.0109090909090909
mrentabilidad_annual_lag2/ccomisiones_mantenimiento	0.00660269550384362	0.00669185568742045	0.00850909090909091
mpayroll_sobre_edad	0.00655914684630043	0.00943253154138427	0.00215064935064935
ctarjeta_visa_transacciones_lag2	0.00653393208605145	0.00688539248719471	0.0078025974025974
Visa_mpagominimo_delta1	0.00652467120775751	0.0104657538372957	0.00926753246753247
Master_status	0.00637406200655849	0.00926976923234465	0.00283636363636364
kmes/ctrx_quarter	0.00636251227897776	0.0060038621295429	0.0101506493506494
mpasivos_margen_lag2	0.00629613604932063	0.00936370400588701	0.00978701298701299
ctarjeta_visa_transacciones_lag1	0.00626882247874265	0.00691703404591416	0.00731428571428571
cliente_antiguedad_+_ctrx_quarter	0.00621332144877015	0.00702326271950398	0.00865454545454545
mcaja_ahorro_lag2/cliente_antiguedad	0.00615907645500353	0.00780520229069406	0.00865454545454545
mpasivos_margen_delta1	0.00600500528501795	0.00576854630119355	0.0103792207792208
mcaja_ahorro_delta2/cproductos	0.0059664896281175	0.00567435542145939	0.00850909090909091
ctrx_quarter/cliente_antiguedad	0.00594838689473277	0.0063585724165587	0.0084987012987013
Master_mpagominimo	0.00591473043051183	0.0174552747667392	0.00681558441558442
cliente_edad_+_cpayroll_trx	0.00576936319107088	0.00756949066186647	0.00889350649350649
mpasivos_margen_lag1	0.00556275509156756	0.00552590695973554	0.00952727272727273
ccomisiones_mantenimiento_+_cliente_edad	0.00541644640032002	0.00578066759048479	0.00785454545454545
mpasivos_margen_lag1/cproductos	0.0053896539767596	0.00534805445639747	0.0083012987012987
cproductos_delta1	0.00537995408955896	0.00630037609796398	0.00208831168831169
cproductos/ccomisiones_mantenimiento	0.00529439442452038	0.0109526341874614	0.00652467532467532
cproductos/ctrx_quarter	0.00523357029706158	0.0058418801816896	0.00876883116883117
cliente_antiguedad/cpayroll_trx	0.00517987774465203	0.00542228671566666	0.00155844155844156
mcaja_ahorro_lag2	0.00514667530488565	0.0084219943130456	0.00787532467532468
mcaja_ahorro_lag1	0.00510062194188533	0.00647113791200411	0.00845714285714286
ctrx_quarter_lag2	0.00500526315822163	0.0063504773735117	0.00844675324675325
mcaja_ahorro_delta2/ccomisiones_mantenimiento	0.00487468058721572	0.00474818711940482	0.00749090909090909
kmes_+_cliente_antiguedad	0.00465193847299777	0.00597553228882096	0.00708571428571429
ccomisiones_mantenimiento_-_cliente_antiguedad	0.00461308687378123	0.00570926855614001	0.00641038961038961
cproductos_+_cliente_edad	0.00450180853671548	0.00594159059141961	0.00686753246753247
kmes_+_ctrx_quarter	0.0044971686255559	0.0018643535241059	0.00207792207792208
ctrx_quarter_+_cliente_edad	0.004295574549785	0.00424555021713751	0.00582857142857143
mtarjeta_visa_consumo_delta2	0.00427598937345595	0.00608505903211593	0.00641038961038961
kmes_+_cpayroll_trx	0.00427510808405416	0.00213534036878184	0.004
mprestamos_personales_lag1	0.00423236216286597	0.0133689407111517	0.00443636363636364
ctrx_quarter_-_cliente_edad	0.00407116925618388	0.00540878694884773	0.00607792207792208
cpayroll_trx_+_cliente_antiguedad	0.00403248594140398	0.00593678398398904	0.0062961038961039
ccomisiones_mantenimiento_-_kmes	0.00391743127084368	0.00239358853964773	0.00316883116883117
Visa_mpagominimo_delta2	0.0038769023621997	0.00692805544340986	0.00652467532467532
cpayroll_trx_-_cliente_antiguedad	0.00386255197657581	0.00317023899613052	0.00514285714285714
ccomisiones_mantenimiento/cliente_antiguedad	0.00383578974749806	0.00393824125230565	0.00561038961038961
cproductos/cpayroll_trx	0.00377169707421167	0.00981902950413177	0.00134025974025974
Visa_mpagominimo_delta2/kmes	0.00369249602593171	0.00462496792751652	0.00566233766233766
cliente_antiguedad_+_cliente_antiguedad	0.00360921027386634	0.0042032405108421	0.00531948051948052
ctrx_quarter_lag1	0.00338157619316146	0.00466792954048199	0.00511168831168831
ccallcenter_transacciones_delta2	0.0030231125691825	0.00877586643434276	0.00336623376623377
kmes_-_ccomisiones_mantenimiento	0.00273647783765964	0.00446510628202236	0.00422857142857143
ccomisiones_mantenimiento_delta2	0.00247962514885421	0.00731834040586505	0.00192207792207792
ccomisiones_mantenimiento_lag2	0.00234992440685117	0.00256440976390164	0.00175584415584416
cliente_edad_+_ctrx_quarter	0.00233998575890572	0.00205994639898116	0.00310649350649351
ccomisiones_mantenimiento/kmes	0.00216136511626334	0.00394289130579451	0.00303376623376623
cpayroll_trx/cliente_edad	0.00205070127598457	0.00122971836660416	0.000841558441558442
ccomisiones_mantenimiento_delta1	0.0020386327116151	0.0104314934121258	0.00198441558441558
kmes_-_cpayroll_trx	0.002025110205751	0.00190420573493698	0.00318961038961039
mpayroll_sobre_edad_lag2	0.00149137631936394	0.00176430672411142	0.00164155844155844
ccallcenter_transacciones_lag1	0.00136055831588852	0.00443249569454582	0.00211948051948052
mpayroll_lag1/ctrx_quarter	0.00135821375512078	0.0051271279423922	0.00216103896103896
mpayroll_lag2	0.00132142037537336	0.00130669794684001	0.00156883116883117
mcomisiones_lag1/cpayroll_trx	0.0013065663664746	0.00340927438556652	0.00227532467532468
mrentabilidad_annual_lag1/cpayroll_trx	0.00124113288089368	0.00188279798696037	0.00130909090909091
mpayroll_lag1	0.00113480379200164	0.0015738929747639	0.00154805194805195
mpayroll_sobre_edad_lag1	0.00101066641487455	0.00106945128654303	0.00111168831168831
cpayroll_trx/ctrx_quarter	0.000974335287915825	0.00205122594300809	0.00108051948051948
ctrx_quarter_-_cpayroll_trx	0.000879387885478495	0.00113409120480999	0.00175584415584416
mrentabilidad_lag2/cpayroll_trx	0.000832458048103636	0.00174887612534486	0.00109090909090909
cpayroll_trx_lag2	0.000556830027929442	0.00219780780004243	0.000737662337662338
mpayroll_lag1/cliente_edad	0.000457694706690392	0.000497095695571853	0.000675324675324675
cpayroll_trx_+_ccomisiones_mantenimiento	0.000228338920648823	0.000542580636941237	0.000550649350649351
ccomisiones_mantenimiento_+_ccomisiones_mantenimiento	0.000138372840645819	0.00448607808748438	0.000405194805194805
