Feature	Gain	Cover	Frequency	pos
ctrx_quarter_+_ccallcenter_transacciones_delta1	0.233635907384026	0.0257478071052034	0.0131281122679946	1
mpayroll_lag2_+_mprestamos_personales_lag2	0.0415309424877858	0.0121894922389512	0.012675418741512	2
ctarjeta_visa_transacciones_lag2_-_mpayroll_sobre_edad	0.0348456178988431	0.0231356860053486	0.0181077410593029	3
mtarjeta_visa_consumo_-_ccomisiones_mantenimiento_delta2	0.0215896863653064	0.0138676161329981	0.0122227252150294	4
mcaja_ahorro_lag2_-_chomebanking_transacciones_lag1	0.0207713707850781	0.00979185901516917	0.006337709370756	5
ccomisiones_mantenimiento_delta1_-_mprestamos_personales_delta1	0.0187506909193413	0.0167293231250104	0.0108646446355817	6
mcaja_ahorro_-_Master_status_lag1	0.0161775843518563	0.00499878619361041	0.00497962879130829	7
mtarjeta_visa_consumo_-_mactivos_margen_delta2	0.0148721261006249	0.0122857680469611	0.0122227252150294	8
mtarjeta_visa_consumo_-_cdescubierto_preacordado_lag1	0.0145420927946064	0.00953398609143618	0.00724309642372114	9
mprestamos_personales_delta2/mprestamos_personales	0.0137676487002769	0.0278936608108227	0.0122227252150294	10
mcaja_ahorro_lag1_-_mpayroll_sobre_edad_lag2	0.0122630501537372	0.00119820727133399	0.003168854685378	11
cliente_edad_lag2_+_Visa_status	0.0120661087169602	0.00879497786387625	0.0108646446355817	12
mpayroll_-_mtarjeta_visa_consumo_delta2	0.0116675422847467	0.0105905826173176	0.00860117700316885	13
Visa_fechaalta_delta2/mrentabilidad_annual_lag2	0.0110116671556367	0.00411719227570662	0.00769578995020371	14
mcuenta_corriente_lag2_+_chomebanking_transacciones_delta2	0.0109554224100578	0.0191125759116466	0.0140334993209597	15
mcuentas_saldo_+_mactivos_margen_lag1	0.00998449756056283	0.0133589386359936	0.0113173381620643	16
mrentabilidad_annual/Visa_fechaalta_delta1	0.0097598277036949	0.0097657792393285	0.009506564056134	17
mpasivos_margen_-_Master_fechaalta_delta1	0.00927253346644359	0.00489982928714955	0.00407424173834314	18
mprestamos_personales_-_mcuentas_saldo	0.00902168503919437	0.00583870121741369	0.006337709370756	19
cliente_edad_-_cproductos	0.00901917089626586	0.0191503550261821	0.0167496604798551	20
Master_mpagominimo_-_mactivos_margen	0.00833233018794456	0.00858975196427022	0.00724309642372114	21
mprestamos_personales_lag1/mcaja_ahorro_delta2	0.00772387706565251	0.000608365612133774	0.00135808057944771	22
chomebanking_transacciones_+_Master_mpagominimo_delta2	0.00752502316157303	0.0162296638682498	0.0117700316885469	23
mrentabilidad/cliente_antiguedad_lag2	0.0071784099691006	0.00729112536913851	0.0104119511090991	24
mrentabilidad_annual_delta1/mrentabilidad_annual	0.0066181766306796	0.0195291211164289	0.0108646446355817	25
mprestamos_personales_delta1/mtarjeta_master_consumo	0.00656479642809106	0.00382909606034519	0.003168854685378	26
mrentabilidad_annual_delta2/mpasivos_margen	0.0065608969161155	0.00679512215572015	0.00905387052965142	27
mrentabilidad_annual_delta1_-_mrentabilidad_annual	0.00594971938144197	0.00500561080784909	0.00543232231779086	28
mpayroll_delta1_-_mactivos_margen	0.00571849807235052	0.00252803210298538	0.00271616115889543	29
mpasivos_margen/cpayroll_trx	0.00555646519932711	0.00788072329211591	0.00407424173834314	30
Master_status_delta2/ccallcenter_transacciones	0.0055088483984908	0.00948182653975484	0.00407424173834314	31
canarito5	0.00536749230903353	0.00935800853856736	0.009506564056134	32
cliente_antiguedad_lag2_+_mtarjeta_master_consumo_lag2	0.00531942100436741	0.00660768900037925	0.006337709370756	33
Master_fechaalta_+_Visa_fechaalta	0.00512729173641404	0.00800795360042274	0.00769578995020371	34
mactivos_margen_delta2_-_Visa_mpagominimo_lag1	0.00506171293855336	0.0058413823158646	0.00543232231779086	35
cproductos_delta1_-_Master_fechaalta_lag1	0.00494151253996693	0.00480964688470984	0.00452693526482571	36
canarito21	0.00493497576940074	0.00867237854380281	0.00995925758261657	37
mcuenta_corriente/ctrx_quarter_lag2	0.00491236242458581	0.01166375320635	0.00724309642372114	38
ctrx_quarter_delta2_+_cproductos_delta2	0.00487820303639968	0.00602467195541772	0.00497962879130829	39
canarito17	0.00483131204070984	0.00621941719744292	0.00769578995020371	40
mrentabilidad_annual_delta1/ccomisiones_mantenimiento_lag2	0.00478502159760035	0.00233718664052514	0.00497962879130829	41
ctrx_quarter_delta2/mpayroll_lag2	0.004598459562279	0.004696553277326	0.006337709370756	42
canarito39	0.00455768644184484	0.00986668603557184	0.00860117700316885	43
mtarjeta_visa_consumo_lag1/mrentabilidad_annual_lag1	0.00453629308324788	0.00367407982263803	0.00497962879130829	44
canarito36	0.00445971310086697	0.0130769358262024	0.00860117700316885	45
Master_fechaalta_lag1/cproductos_delta1	0.00438065688119001	0.0128254000442625	0.00497962879130829	46
Master_fechaalta_lag1_-_mcomisiones	0.00420515704830031	0.0061143668854118	0.00769578995020371	47
canarito4	0.00417223942260247	0.00598396800620845	0.00814848347668628	48
mrentabilidad_lag1_+_mtarjeta_visa_consumo_delta1	0.00416948124964439	0.0048403576487839	0.00543232231779086	49
canarito23	0.00416797489949422	0.00608365612133774	0.00905387052965142	50
canarito24	0.00415895232042582	0.0121136902736573	0.00860117700316885	51
Master_fechaalta_delta2_-_cliente_edad	0.00413045092342331	0.00556449796675243	0.00860117700316885	52
mrentabilidad_annual_lag2_-_mrentabilidad_annual_delta1	0.00412381121028706	0.00269767251406114	0.00362154821186057	53
mpasivos_margen_delta2_-_mcuenta_corriente_lag1	0.00411597438977568	0.0118533799876962	0.00860117700316885	54
mrentabilidad_lag2_-_mrentabilidad_annual_lag2	0.00411227850045359	0.0040072672392193	0.00407424173834314	55
mcomisiones_delta2_-_mrentabilidad_annual_lag2	0.00410627738077145	0.00722970384099039	0.00588501584427343	56
mpasivos_margen_lag2_+_Visa_status_delta1	0.0040950894264307	0.00203007899978454	0.003168854685378	57
canarito31	0.00394150759905097	0.0047063027262384	0.00724309642372114	58
mrentabilidad_annual_delta2_-_cdescubierto_preacordado_lag1	0.00393984261080997	0.00635079102153751	0.00497962879130829	59
canarito33	0.00391561171886523	0.00703910211475296	0.00724309642372114	60
mcuenta_corriente_delta1_-_mpayroll_sobre_edad_lag2	0.00390686208377049	0.00986254251978407	0.0108646446355817	61
canarito40	0.00381483998873507	0.0026576997735203	0.00588501584427343	62
mtarjeta_visa_consumo_delta2_-_cdescubierto_preacordado_delta2	0.00380662917190206	0.00914181450893488	0.0117700316885469	63
canarito29	0.0037973031115537	0.00678220413591122	0.00769578995020371	64
mpasivos_margen_lag2_-_mrentabilidad_annual_delta1	0.00376359257336394	0.00296431994181529	0.00407424173834314	65
cdescubierto_preacordado_lag1_-_mcuentas_saldo_lag1	0.00365013199312234	0.00387345605289661	0.00588501584427343	66
canarito3	0.00359442851239323	0.00668934063502061	0.00679040289723857	67
canarito34	0.00359315326508448	0.00959638256447554	0.00769578995020371	68
cliente_edad_lag1_-_Master_mpagominimo_lag1	0.00357394492927868	0.00747344006380039	0.00588501584427343	69
mpayroll_lag1/mcaja_ahorro_lag2	0.00348327318327668	0.00492907763388674	0.00452693526482571	70
canarito37	0.00343790399845258	0.00387686836001595	0.00679040289723857	71
mrentabilidad_annual_lag1/mcuentas_saldo_lag2	0.00343069941403128	0.0031888010030233	0.00543232231779086	72
mprestamos_personales_lag1_-_mpasivos_margen_delta2	0.00332880939332016	0.00331846867355823	0.00543232231779086	73
canarito19	0.00327419983365853	0.00292361599260602	0.00679040289723857	74
mtarjeta_visa_consumo_delta2/mactivos_margen	0.00324692358384377	0.00568246629859247	0.006337709370756	75
canarito27	0.00322173471043585	0.00671810150931219	0.00724309642372114	76
Visa_fechaalta_lag1_-_internet_lag1	0.00322106900809337	0.00727016405397685	0.006337709370756	77
Master_fechaalta_delta2/mactivos_margen_delta2	0.0032030004431747	0.00442259376288755	0.00769578995020371	78
canarito32	0.00318778944291866	0.00602101591207557	0.00679040289723857	79
cdescubierto_preacordado_lag1_+_cproductos_lag1	0.00318204005687477	0.00494979521282559	0.00588501584427343	80
Visa_mpagominimo_delta1_-_mprestamos_personales_delta2	0.003085296974708	0.000738033282668697	0.00181077410593029	81
mcomisiones_lag2/Master_fechaalta	0.0030547393648819	0.00366896136195902	0.00543232231779086	82
mrentabilidad_annual_delta2_+_mcaja_ahorro_delta2	0.00304785538485865	0.00410646788190298	0.00497962879130829	83
canarito7	0.00301339671559878	0.00775519913736876	0.006337709370756	84
canarito28	0.00299105476217202	0.00361558312916362	0.006337709370756	85
ctrx_quarter_lag1_-_Master_status_lag1	0.00296305476643205	0.00207224536633067	0.00452693526482571	86
mpayroll_sobre_edad_delta1_+_mtarjeta_visa_consumo_delta2	0.00295859859333777	0.00776762968473207	0.006337709370756	87
mcaja_ahorro_lag2_-_mprestamos_personales_lag2	0.00295379960212007	0.00611753545630833	0.00724309642372114	88
mtarjeta_master_consumo_lag1/chomebanking_transacciones_delta1	0.0029045563612236	0.00257921670977548	0.00362154821186057	89
internet_lag1/ctarjeta_visa_transacciones_lag2	0.00280053662264542	0.00905772551206543	0.00452693526482571	90
mpasivos_margen_lag1/mactivos_margen_delta2	0.00277427192174479	0.00360095895579502	0.00588501584427343	91
Master_mpagominimo_lag2_-_mrentabilidad_delta1	0.0027511293240767	0.0013154443945056	0.003168854685378	92
Visa_mpagominimo_lag2_-_ctrx_quarter_delta2	0.00274747031191201	0.00697134344481178	0.00543232231779086	93
mtarjeta_visa_consumo_delta1/chomebanking_transacciones	0.00269507808460194	0.00537998964608526	0.00543232231779086	94
mpasivos_margen_delta1_-_Visa_status_lag1	0.00268473363956993	0.00276616239267075	0.00362154821186057	95
canarito1	0.00267983465859965	0.00552598764354845	0.00452693526482571	96
Visa_mpagominimo_lag1/ccomisiones_mantenimiento_lag1	0.00267778275191338	0.00274203250661256	0.00497962879130829	97
internet_lag2_+_Visa_fechaalta	0.0026400554736682	0.00160914654299166	0.003168854685378	98
mpasivos_margen_delta1/mpayroll_lag1	0.00254213372447423	0.000996149942624493	0.00271616115889543	99
mcomisiones_lag2/mcomisiones_delta1	0.00250182389722573	0.00265160636795005	0.00497962879130829	100
Master_fechaalta_+_mcuentas_saldo_delta2	0.00244027718184836	0.00399849273519814	0.00452693526482571	101
canarito25	0.00242140215052455	0.0115538281698627	0.00679040289723857	102
mtarjeta_visa_consumo_-_Master_mpagominimo_delta2	0.0023908450142356	0.0037172211340754	0.006337709370756	103
mcaja_ahorro_delta1/mcuenta_corriente_lag2	0.00228961644476825	0.00356781082949286	0.00543232231779086	104
mcuenta_corriente_lag2/kmes_lag1	0.00216775573280024	0.00497855608711718	0.00407424173834314	105
mrentabilidad/Visa_mpagominimo_lag1	0.00214427159161536	0.00198645021590155	0.003168854685378	106
canarito11	0.0021409849532666	0.00328312692125078	0.00407424173834314	107
canarito6	0.00212763526245973	0.00353271281340822	0.00543232231779086	108
ctrx_quarter_delta1_-_ctarjeta_visa_transacciones_delta1	0.00212171390184452	0.00421614918216748	0.00407424173834314	109
mcaja_ahorro_lag2_-_cliente_edad_delta2	0.00209930026383648	0.00377157431176203	0.00452693526482571	110
mactivos_margen_lag1/kmes_delta1	0.0020949898184863	0.00352686314406078	0.00362154821186057	111
canarito38	0.00207790420846645	0.0120712801708883	0.006337709370756	112
mpasivos_margen/mactivos_margen_delta1	0.002041550576233	0.00180584167479933	0.00407424173834314	113
canarito12	0.00203596757739399	0.00283733336973128	0.00497962879130829	114
Master_mpagominimo_lag2_-_mprestamos_personales_delta1	0.00199178931136684	0.00243955585410535	0.00362154821186057	115
mcomisiones_lag1_-_cliente_antiguedad_lag1	0.0019707333902056	0.00227064665169801	0.00407424173834314	116
mcomisiones_delta2_+_cpayroll_trx_delta2	0.00194929972977266	0.00369333498424002	0.00362154821186057	117
mcuentas_saldo/Master_status_delta2	0.00189719882623457	0.000466998602903971	0.000905387052965143	118
Visa_fechaalta_delta1_-_mcuentas_saldo_delta2	0.00188032534202104	0.00270035361251205	0.00407424173834314	119
cliente_edad_lag1_-_cliente_antiguedad	0.00186378053438141	0.00454031835850479	0.00407424173834314	120
mpasivos_margen_delta1_-_mpayroll_sobre_edad_lag1	0.00184618982873417	0.00388003693091248	0.006337709370756	121
canarito10	0.00184281430555521	0.00200546164128073	0.00362154821186057	122
canarito35	0.00180614644480588	0.00266086834441683	0.00362154821186057	123
mtarjeta_master_consumo_delta1_+_chomebanking_transacciones_delta2	0.00174014545748332	0.00518548814028287	0.00452693526482571	124
canarito18	0.0017220232150047	0.00365653081459571	0.00362154821186057	125
mpasivos_margen_lag2_-_Visa_mpagominimo_lag2	0.00171352717926102	0.00308423816343781	0.003168854685378	126
mprestamos_personales_lag1/mcomisiones_lag2	0.00170581388567544	0.00138417800933802	0.00362154821186057	127
mrentabilidad_delta1_-_mcomisiones_lag2	0.00170075911937125	0.00191113572305325	0.003168854685378	128
kmes_lag2_-_mactivos_margen_lag2	0.00169725645364172	0.00495320751994494	0.003168854685378	129
mrentabilidad_lag1/cdescubierto_preacordado_lag1	0.00169415806432013	0.00310008101792046	0.00362154821186057	130
mcomisiones/mprestamos_personales_lag2	0.0015689514376413	0.00798869843882075	0.00362154821186057	131
mrentabilidad_annual_lag1/mcaja_ahorro_delta1	0.00155624307320338	0.00471434602159113	0.00452693526482571	132
mactivos_margen_delta2/cproductos_lag1	0.00151128551560628	0.00352393830938706	0.00271616115889543	133
cdescubierto_preacordado_delta1_+_mcomisiones_delta2	0.00150450434963609	0.00368236685421357	0.003168854685378	134
ctarjeta_visa_transacciones_lag2/mcuenta_corriente	0.00149798253574067	0.00153578193992585	0.00271616115889543	135
cproductos_lag2_-_cliente_edad_delta1	0.00148444824188237	0.00453690605138545	0.00271616115889543	136
Visa_fechaalta_delta2_-_Master_fechaalta_lag1	0.00148083660438265	0.00112338025093132	0.00226346763241286	137
mcomisiones_delta1/internet_lag2	0.00147767873832795	0.000943502918497532	0.00226346763241286	138
canarito14	0.00144611067373518	0.00240787014514005	0.00271616115889543	139
canarito30	0.00144383969613797	0.00162255203524621	0.003168854685378	140
mcuentas_saldo_lag2/mpasivos_margen_delta1	0.00138449913049062	0.0040535771215532	0.00362154821186057	141
mrentabilidad_annual_delta1/mtarjeta_visa_consumo_lag1	0.00138287933452602	0.00149264062848847	0.00181077410593029	142
mcuentas_saldo_delta1/Master_fechaalta_lag1	0.00137788908895991	0.00131398197716874	0.00271616115889543	143
Visa_mpagominimo_delta1/mactivos_margen_lag1	0.00134513640377069	0.00100565565531408	0.00181077410593029	144
mtarjeta_visa_consumo_delta1_-_mrentabilidad_annual_delta2	0.0013239874597979	0.00195549571560468	0.00226346763241286	145
canarito16	0.00130867452919868	0.0014300004192263	0.00362154821186057	146
mtarjeta_visa_consumo_lag2_-_Visa_status_lag1	0.00130070035511599	0.00159330368850901	0.00362154821186057	147
kmes_+_ctarjeta_visa_transacciones_lag2	0.00128629074714989	0.00184142716332959	0.00362154821186057	148
ccallcenter_transacciones_delta1/ctrx_quarter	0.00126501702715332	0.00642001210881555	0.00271616115889543	149
canarito2	0.00125587978261355	0.00150677732941146	0.00226346763241286	150
mtarjeta_master_consumo_delta2/mcuenta_corriente_lag2	0.0012552410840073	0.000782393275220118	0.00181077410593029	151
canarito8	0.00124663131008591	0.00112557387693661	0.00226346763241286	152
canarito9	0.00119451894236322	0.00268426702180659	0.00271616115889543	153
internet_-_ccallcenter_transacciones_delta1	0.0011936901190262	0.00463366933184102	0.00181077410593029	154
mtarjeta_master_consumo_delta1/ccomisiones_mantenimiento_delta2	0.00118236265412576	0.00110436882555214	0.00181077410593029	155
mtarjeta_master_consumo_lag1/mrentabilidad	0.00118045946954221	0.00169469795719797	0.000905387052965143	156
mrentabilidad_delta1_-_kmes_delta2	0.00117139951522384	0.00214804733162458	0.00271616115889543	157
mpayroll_delta1_-_mcaja_ahorro_delta1	0.00116887699888685	0.00559399004971244	0.00362154821186057	158
mactivos_margen_delta2_-_cliente_antiguedad_lag1	0.00114396269151893	0.00137223493442033	0.00226346763241286	159
Master_mpagominimo_delta1_-_mrentabilidad_delta2	0.00114095037734484	0.00627328290268393	0.00362154821186057	160
mcomisiones_delta2/mpayroll_sobre_edad_lag1	0.00113813759520704	0.0019269785775359	0.00362154821186057	161
mrentabilidad_delta1/mpayroll_sobre_edad_lag2	0.00109107096291921	0.00122453078339747	0.00226346763241286	162
mcaja_ahorro_delta2/kmes_lag2	0.00106581752825947	0.00546846589496529	0.00362154821186057	163
Master_fechaalta_delta2_+_ctrx_quarter_lag1	0.0010580336340161	0.000933022260916702	0.00226346763241286	164
mtarjeta_visa_consumo_delta2/cproductos_delta2	0.00104347721329631	0.00135249230037272	0.003168854685378	165
mcaja_ahorro_delta2_-_ctrx_quarter_lag1	0.00103591956162058	0.00251218924850273	0.00226346763241286	166
ccomisiones_mantenimiento_lag2_-_kmes_lag2	0.00102807155057665	0.000752413719814488	0.00135808057944771	167
Master_mpagominimo_lag2_-_mactivos_margen_lag1	0.00101648188087012	0.000915716989097191	0.00226346763241286	168
Visa_mpagominimo_delta1_-_Master_mpagominimo_lag2	0.0010148034667794	0.00100541191909127	0.00271616115889543	169
canarito20	0.00100670224845775	0.00213439810314722	0.00271616115889543	170
mpayroll_delta1_-_mrentabilidad_delta1	0.00100629101587083	0.000784830637448218	0.00135808057944771	171
Master_fechaalta_delta2/mtarjeta_visa_consumo_delta1	0.000990412111688172	0.000565224300696403	0.00181077410593029	172
mtarjeta_visa_consumo_-_mcaja_ahorro_delta2	0.000967032698912936	0.0024261503618508	0.00362154821186057	173
mcuentas_saldo_lag2_-_internet_lag1	0.000960284411737894	0.00347640974593911	0.00226346763241286	174
canarito22	0.000958061304937298	0.000824803377989059	0.00181077410593029	175
mprestamos_personales_lag1_-_Visa_mpagominimo	0.000939443651468075	0.00252461979586604	0.003168854685378	176
mrentabilidad_lag1/mactivos_margen_delta1	0.000920757568806986	0.00129009582733336	0.00181077410593029	177
Master_mpagominimo_lag1/ctrx_quarter_delta2	0.000892599310639074	0.000978357198359363	0.00181077410593029	178
mactivos_margen_lag1/Master_mpagominimo_delta2	0.000874913552622397	0.000980063351919033	0.00226346763241286	179
cliente_edad_delta2_+_mactivos_margen_delta2	0.000869268850364239	0.00145023052571953	0.00181077410593029	180
mcuenta_corriente_delta1_-_mrentabilidad_delta1	0.000836950609634932	0.00161718983834439	0.00226346763241286	181
mrentabilidad_delta2_-_mpasivos_margen_delta2	0.000811246769307135	0.00087111326032296	0.00181077410593029	182
canarito26	0.00080481233770366	0.0014494993170511	0.00226346763241286	183
internet_+_mpasivos_margen_delta1	0.000789551730190282	0.00135249230037272	0.00135808057944771	184
Visa_mpagominimo_lag1_-_Master_status_lag1	0.000761880447183848	0.00165277532687465	0.00362154821186057	185
Master_fechaalta_delta1_-_kmes_lag2	0.000727930125514253	0.00117212749549332	0.000905387052965143	186
Visa_mpagominimo_delta1_-_mpayroll_sobre_edad_delta2	0.000700284111448538	0.000684167577427686	0.00135808057944771	187
Master_mpagominimo_delta2_-_mcaja_ahorro_delta1	0.000667330741012279	0.000576436166945663	0.000905387052965143	188
ctarjeta_visa_transacciones_delta1_-_Master_status_delta1	0.000652433018353145	0.000589841659200214	0.00135808057944771	189
mcuentas_saldo_delta1/ctrx_quarter_lag1	0.000563867728207495	0.00124378594499946	0.00181077410593029	190
mcuenta_corriente_lag2_+_internet	0.000560203700462038	0.00407624459027454	0.00181077410593029	191
mcuentas_saldo_delta2_-_mcuenta_corriente_delta1	0.000554390650108168	0.00102661697047574	0.000905387052965143	192
mcaja_ahorro_delta2_-_mcomisiones_lag2	0.000547797698540451	0.000657356592918585	0.000905387052965143	193
mcuentas_saldo_delta1_-_mcuenta_corriente_lag1	0.000535015268552204	0.000638832639985025	0.000905387052965143	194
canarito13	0.000517223350177939	0.00154943116840321	0.00135808057944771	195
mpayroll_delta1_-_Master_mpagominimo_lag1	0.000467569350152887	0.00115628464101067	0.000905387052965143	196
mrentabilidad_delta2_-_mtarjeta_master_consumo_lag1	0.000441498081527255	0.00041118300788048	0.000905387052965143	197
mpayroll_lag1_+_mpayroll_sobre_edad_lag2	0.000411541616852424	0.00249951496491661	0.003168854685378	198
canarito15	0.000375433830672755	0.000509164969450102	0.000905387052965143	199
Visa_mpagominimo_lag1_-_Master_mpagominimo_delta2	0.000360663058166931	0.000700741640578766	0.00181077410593029	200
Visa_mpagominimo_delta2_-_Visa_mpagominimo	0.000319486093707525	0.00117383364905299	0.000452693526482571	201
mprestamos_personales_-_Visa_mpagominimo_lag2	0.000301037379734925	0.000548650237545323	0.00135808057944771	202
Visa_mpagominimo_delta1/Master_mpagominimo	0.000300407770969013	0.000580579682733434	0.00135808057944771	203
mtarjeta_visa_consumo_delta1_-_Master_fechaalta_delta2	0.000255628092990633	0.000222531171425535	0.000452693526482571	204
mcaja_ahorro_lag2_-_mrentabilidad_annual_lag2	0.000254247014187804	0.000943259182274722	0.00226346763241286	205
mtarjeta_master_consumo_lag2_-_ccallcenter_transacciones_lag2	0.000238207800837544	0.00257921670977548	0.000905387052965143	206
mrentabilidad_annual_delta2/internet_delta2	0.000228068382204381	0.000240567651913476	0.000452693526482571	207
internet_lag2_+_mpayroll_delta1	0.000220428941356716	0.000893293256598671	0.000905387052965143	208
cpayroll_trx_delta2/mrentabilidad_lag1	0.000189295878633664	0.00133421208366197	0.00135808057944771	209
mcaja_ahorro_delta1_+_chomebanking_transacciones_lag1	0.000182660619292972	0.000743639215793327	0.000452693526482571	210
mcuenta_corriente_lag2_-_kmes_lag1	0.000180678573404504	0.000286633798024567	0.000905387052965143	211
mpayroll_delta2/mactivos_margen_delta1	0.000174055913001877	0.000294189620931677	0.000452693526482571	212
mpayroll_sobre_edad_delta2/cliente_edad_delta1	0.00016692013436036	0.000309057530523087	0.000452693526482571	213
cpayroll_trx_delta1_+_cpayroll_trx_delta2	0.00010082662059879	0.000927903800237691	0.000905387052965143	214
mcuentas_saldo_lag2/Master_status_lag1	0.000100731897847326	0.000203763482269165	0.000452693526482571	215
ccallcenter_transacciones_lag1_+_Master_status_lag1	9.75978224858686e-05	0.00044798717752479	0.000452693526482571	216
Master_fechaalta_delta1_-_mtarjeta_visa_consumo_delta1	4.39853682749181e-05	0.000234961718788845	0.000452693526482571	217
Master_fechaalta_delta1_+_Master_fechaalta_lag2	8.91773213072892e-06	0.000387784330490719	0.000452693526482571	218
mpayroll_delta1_-_mpayroll_sobre_edad_lag2	5.82694401123686e-10	0.000356586093971038	0.000905387052965143	219
