Feature	Gain	Cover	Frequency	pos
ctarjeta_visa_transacciones_delta1_+_ctrx_quarter_lag1	0.206579138825076	0.0284189684759679	0.0137781000725163	1
mactivos_margen_delta1_-_mpayroll	0.0591329868511407	0.0430166856185098	0.0275562001450326	2
mcaja_ahorro_lag2_-_cproductos_lag1	0.0523196431884297	0.0122919095621245	0.00725163161711385	3
mtarjeta_visa_consumo_-_cdescubierto_preacordado_lag2	0.0490260402804904	0.0244662697175136	0.0246555474981871	4
cliente_antiguedad_lag1_-_mprestamos_personales	0.0236989946885223	0.0111935822821857	0.0108774474256708	5
mtarjeta_visa_consumo_-_ccomisiones_mantenimiento_lag2	0.0230703212259013	0.0211756859847522	0.0137781000725163	6
Master_mpagominimo_lag2/mpayroll_sobre_edad/Visa_fechaalta_lag1	0.0166745626533685	0.00958187596058656	0.00725163161711385	7
Master_mpagominimo_+_ctrx_quarter_lag1	0.0148071546639772	0.0112751471766552	0.00435097897026831	8
mactivos_margen_lag2/cliente_antiguedad_lag1	0.0121877408267142	0.00608098274502654	0.00652646845540247	9
mprestamos_personales_lag1/mcomisiones_lag2_+_mpayroll_sobre_edad_lag2/ccomisiones_mantenimiento_lag2	0.0118832236981338	0.0083252168266778	0.00797679477882524	10
mactivos_margen_lag1/Master_mpagominimo_delta2/mrentabilidad_annual_delta1_+_mtarjeta_visa_consumo_delta2	0.0113742444270884	0.0318123079826443	0.037708484408992	11
mcaja_ahorro_lag1_-_cliente_edad	0.0107335460421685	0.00326939285331593	0.00362581580855693	12
ccallcenter_transacciones_+_ccomisiones_mantenimiento_delta1	0.0106194059859351	0.00936556905907697	0.00725163161711385	13
mtarjeta_master_consumo_lag2_-_mcuentas_saldo/mcuenta_corriente_lag1/mcuenta_corriente_lag1	0.00921112578501885	0.000220705008564314	0.000725163161711385	14
mcomisiones/mcomisiones_lag1_-_mcaja_ahorro_lag2	0.00863453034920455	0.00708135218601914	0.00870195794053662	15
Master_fechaalta_delta2/mtarjeta_visa_consumo_delta1/mrentabilidad/cliente_antiguedad_lag2	0.00858721400011773	0.00642603423486531	0.0101522842639594	16
cproductos_delta1/ccallcenter_transacciones_delta2	0.0082140968483979	0.0177611555986304	0.00797679477882524	17
mrentabilidad/cliente_antiguedad_lag2_-_mpasivos_margen	0.00808012936400397	0.00410823181702595	0.00652646845540247	18
Master_fechaalta_lag1/cproductos_delta1_+_cpayroll_trx	0.00782694732589557	0.015558903447956	0.00797679477882524	19
mrentabilidad_annual_lag1/mpayroll_sobre_edad_lag2/ccomisiones_mantenimiento_lag2	0.0077926693324586	0.00805373367302713	0.00652646845540247	20
mprestamos_personales/cliente_antiguedad_lag2	0.00775579459735297	0.0103303538157177	0.00580130529369108	21
Visa_status_lag1_-_mrentabilidad_annual/Visa_fechaalta_delta1	0.00763431496369594	0.0061433558996208	0.00580130529369108	22
mactivos_margen_lag1/Visa_mpagominimo_lag1/ccomisiones_mantenimiento_lag1	0.00730623435373374	0.0111228127413961	0.00797679477882524	23
mpayroll_lag2/mpayroll_sobre_edad_lag2	0.00710213565954594	0.0146752837578706	0.0108774474256708	24
chomebanking_transacciones_delta2_-_mpayroll_delta1	0.00705270434939512	0.0166756228119417	0.0130529369108049	25
mcomisiones_lag2/Master_fechaalta_+_mrentabilidad_annual/cliente_edad_lag1	0.00635235965450958	0.0071145379028866	0.00580130529369108	26
mrentabilidad_annual_delta2/mpasivos_margen_-_mpayroll_delta1/mcuentas_saldo_lag2	0.00613193389761034	0.00794298134083091	0.0101522842639594	27
mtarjeta_master_consumo_delta2_+_mcuentas_saldo_lag1	0.00610539688316134	0.00203152563136826	0.00290065264684554	28
ctrx_quarter_delta2/mpayroll_lag2_+_cpayroll_trx_delta2/mrentabilidad_lag1	0.00606473567626196	0.00564796911409329	0.0101522842639594	29
canarito38	0.00593591209289337	0.0149067841201147	0.0101522842639594	30
mpayroll_lag1_-_mcaja_ahorro/mcomisiones_delta2	0.00572054894613307	0.00841997604231139	0.00870195794053662	31
mcomisiones/mcaja_ahorro	0.0057003812246428	0.00335455619901195	0.00725163161711385	32
mrentabilidad_annual_lag1_-_cpayroll_trx_delta2	0.00565084078195009	0.00289275495826596	0.00290065264684554	33
cliente_antiguedad_delta1/mprestamos_personales_lag1/mcaja_ahorro_delta2_-_mpayroll_sobre_edad	0.00560775531642299	0.000928800244374821	0.00145032632342277	34
mcuenta_corriente_lag1/mcuenta_corriente_lag1/mpasivos_margen_delta2/mtarjeta_visa_consumo_delta2/mprestamos_personales	0.00543211365144062	0.000490988678472785	0.000725163161711385	35
mcuenta_corriente_lag1/mcaja_ahorro_lag1	0.00534655263822148	0.000791259441936191	0.00145032632342277	36
mtarjeta_visa_consumo_lag1/Visa_fechaalta_lag1	0.00523127134943323	0.018032638752281	0.00870195794053662	37
internet_delta1/cpayroll_trx/cproductos_lag2	0.00509886487149201	0.00192876985745335	0.00290065264684554	38
cliente_edad_lag2/mpasivos_margen/mactivos_margen_delta1	0.00489925341831716	0.00757154120866379	0.00797679477882524	39
Visa_mpagominimo_delta1/cproductos_lag2/mcuenta_corriente_lag2	0.00472486177627443	0.017090644186742	0.00580130529369108	40
Visa_fechaalta_lag1/mpasivos_margen_lag2/mrentabilidad_annual_lag1	0.00462468501893859	0.00079325858150652	0.00145032632342277	41
mpayroll_sobre_edad_-_mprestamos_personales_delta2	0.00459292615843295	0.0205927368860442	0.00797679477882524	42
canarito33	0.00451415202711265	0.0102851732614283	0.00797679477882524	43
mtarjeta_master_consumo_-_mprestamos_personales/mprestamos_personales_lag1	0.00427265829748117	0.0139264060748254	0.00580130529369108	44
canarito53	0.00422614909701721	0.0170134773993273	0.00725163161711385	45
ctrx_quarter_lag1_+_mtarjeta_master_consumo_lag1/chomebanking_transacciones_delta1	0.00397884132508708	0.00469797799027299	0.00580130529369108	46
mcuentas_saldo_lag1_-_mpasivos_margen_delta2/mactivos_margen_lag1	0.00394838480761897	0.0069602043280572	0.00435097897026831	47
mtarjeta_master_consumo_lag2_-_mrentabilidad_annual/Visa_fechaalta_delta1	0.00382154373895094	0.00451845525685745	0.00362581580855693	48
mcuenta_corriente/ctrx_quarter_lag2_-_cliente_edad_lag1	0.00375990729962578	0.0049210819663217	0.0050761421319797	49
mcuentas_saldo/ctarjeta_visa_transacciones_lag1	0.00369938616760831	0.00198594524916476	0.00290065264684554	50
Master_mpagominimo_-_kmes_lag2	0.00349613794463757	0.00994212091115984	0.0050761421319797	51
Visa_fechaalta_+_mtarjeta_master_consumo_lag1	0.00347620161136279	0.00726327388691907	0.0050761421319797	52
mcuentas_saldo_delta1/mcomisiones/Visa_mpagominimo_lag1	0.00323003365974591	0.00198034765836784	0.00435097897026831	53
canarito35	0.00316959197714092	0.0118361057400895	0.0108774474256708	54
mrentabilidad_delta2_-_mcuentas_saldo/mcuenta_corriente_lag1/mcuenta_corriente_lag1	0.00313777213730003	0.00308787098033007	0.00362581580855693	55
cliente_edad_lag2_-_mpasivos_margen_delta1/kmes_lag2/mprestamos_personales_lag1/mcomisiones_lag2	0.0030553200963595	0.00216746712215063	0.00290065264684554	56
ctarjeta_visa_transacciones_+_Master_mpagominimo_lag1	0.00295002793111416	0.00220585060190094	0.00435097897026831	57
mpayroll_delta2/ccomisiones_mantenimiento_delta2_+_mtarjeta_master_consumo_lag1/chomebanking_transacciones_delta1	0.00293403148335906	0.00607578498214369	0.00435097897026831	58
mcaja_ahorro_delta2/mcomisiones/mcomisiones_lag1	0.00291869392807433	0.00651479603178792	0.00652646845540247	59
mtarjeta_master_consumo_lag1/chomebanking_transacciones_delta1_-_mcomisiones_lag2/mcomisiones_delta1/mrentabilidad_annual/Visa_fechaalta_delta1	0.00287362089592444	0.00279359763557765	0.00435097897026831	60
canarito5	0.00283676622552012	0.00451405714980273	0.00435097897026831	61
mrentabilidad_annual_delta1/mtarjeta_visa_consumo_lag1/mactivos_margen_delta1/ccallcenter_transacciones_delta2/mtarjeta_visa_consumo_delta1	0.00278046212501592	0.00237137935832418	0.00217548948513416	62
canarito41	0.00276531045187728	0.00729805891544279	0.00580130529369108	63
mrentabilidad_annual_delta1_-_mrentabilidad_annual_lag1/mcuentas_saldo_lag2	0.0026425564189501	0.00191997364334391	0.00435097897026831	64
cliente_antiguedad_delta2_-_mactivos_margen_delta1/mcuentas_saldo_lag2/mcaja_ahorro_delta1	0.0026404695584539	0.00699858780780752	0.0050761421319797	65
mrentabilidad_annual_lag1/mcaja_ahorro_delta1/mrentabilidad_lag1	0.00262100579972667	0.00294553224292265	0.0050761421319797	66
mtarjeta_visa_consumo_delta1_-_mrentabilidad_annual_delta2	0.00261000240101884	0.00330897581680845	0.00362581580855693	67
canarito65	0.00252915463122735	0.00325859749963616	0.0050761421319797	68
mprestamos_personales_delta1/mtarjeta_master_consumo_-_mpasivos_margen	0.00252202942827845	0.000693301602990073	0.00217548948513416	69
mrentabilidad_lag2_-_mcuentas_saldo_delta2	0.0025003001578579	0.00242055819175427	0.00435097897026831	70
mpasivos_margen/mactivos_margen_delta1/mcuenta_corriente_lag1/mcaja_ahorro_delta2	0.002480019217112	0.00274921673711635	0.00435097897026831	71
Visa_mpagominimo_lag1_-_mrentabilidad_annual_lag1	0.00247063468314069	0.00230540775250332	0.00290065264684554	72
mrentabilidad_annual_delta1/mtarjeta_visa_consumo_lag1_-_mprestamos_personales_lag1	0.00242464949412177	0.00176683955225671	0.00362581580855693	73
mrentabilidad_annual/cliente_edad_lag1_-_mrentabilidad_annual/Visa_fechaalta_delta1	0.00242136209761553	0.00229901050587827	0.00362581580855693	74
mpayroll_sobre_edad_delta1/cdescubierto_preacordado_lag1	0.00242082969057158	0.00613895779256608	0.00362581580855693	75
canarito50	0.00241580002025908	0.00237337849789451	0.00652646845540247	76
mpasivos_margen_lag1_-_mprestamos_personales_lag1/mcomisiones_lag2	0.00240933367364638	0.00150575192437175	0.00217548948513416	77
mprestamos_personales_delta2_-_mrentabilidad_annual_lag2	0.00240859821731947	0.00133262643758127	0.00145032632342277	78
mcuenta_corriente_lag2_-_Visa_fechaalta_delta2/mrentabilidad_annual_lag2	0.00240273781219188	0.0023769769491211	0.00362581580855693	79
canarito20	0.00236646680216187	0.00625890616678582	0.0050761421319797	80
cproductos_delta2_-_chomebanking_transacciones_delta1/kmes_delta1	0.00233796965261727	0.00423097898664415	0.00362581580855693	81
mtarjeta_visa_consumo_delta1/mcaja_ahorro/mcomisiones_delta2/mrentabilidad_annual_delta2/mpasivos_margen/mcuentas_saldo_lag2/mpasivos_margen_delta1	0.00232784760130168	0.00165448790840422	0.00362581580855693	82
Master_fechaalta_delta2/mtarjeta_visa_consumo_delta1/mcuenta_corriente_delta2/cpayroll_trx_lag1	0.00231604399728635	0.00444848537189594	0.00362581580855693	83
mcuentas_saldo/mrentabilidad_lag2/cpayroll_trx_lag1	0.00228355954935424	0.00300430694629032	0.00362581580855693	84
canarito56	0.00225825231177496	0.00400427655936885	0.00725163161711385	85
canarito52	0.00225708175608845	0.00386833506858648	0.00652646845540247	86
canarito45	0.00221022650732451	0.00948231880998418	0.00435097897026831	87
mcuenta_corriente/ctrx_quarter_lag2_-_mcomisiones/mcomisiones_lag1	0.00220520460917538	0.00501983946109595	0.00362581580855693	88
mcomisiones_lag2_-_mactivos_margen	0.00216324344712658	0.00218266058288513	0.00362581580855693	89
canarito59	0.00215565881340522	0.00156692559522382	0.00435097897026831	90
canarito17	0.00212555121204068	0.00186359790746063	0.00290065264684554	91
canarito39	0.00209507743233452	0.00238097522826176	0.00362581580855693	92
cliente_antiguedad_lag2_-_Master_fechaalta_delta1/mcuenta_corriente_delta1/chomebanking_transacciones_delta1/kmes_delta1	0.00207584083923947	0.00246254012273118	0.00435097897026831	93
mcaja_ahorro/mcomisiones_delta2_-_mcuenta_corriente_lag2/chomebanking_transacciones_delta2	0.00204160017916833	0.00303749266315778	0.0050761421319797	94
canarito37	0.00199647213438767	0.00234059260894111	0.00435097897026831	95
canarito23	0.00199221726979319	0.0014993546777467	0.00290065264684554	96
canarito14	0.00196716143780009	0.00276001209079612	0.00435097897026831	97
mrentabilidad_annual_lag1/mcaja_ahorro_delta1/mrentabilidad/chomebanking_transacciones_lag1/mtarjeta_visa_consumo_lag2/mcaja_ahorro_lag1	0.00196350191780145	0.00238577316323055	0.00362581580855693	98
mcuenta_corriente_lag2_-_mpayroll_lag1	0.00194735069042424	0.00127425156212766	0.00217548948513416	99
canarito67	0.00192399466068965	0.00396109514464974	0.00290065264684554	100
mtarjeta_master_consumo_lag1/mrentabilidad_-_cproductos_lag1	0.00184089367874426	0.00697859641210423	0.00435097897026831	101
canarito61	0.00182521277808303	0.00155732972528624	0.00362581580855693	102
Master_status_delta2/ccallcenter_transacciones_-_ccallcenter_transacciones	0.00179940106337303	0.00995291626483961	0.00362581580855693	103
mpayroll_delta1_-_mtarjeta_visa_consumo_-_mactivos_margen_delta2	0.00173917704942131	0.00219065714116644	0.00435097897026831	104
mcuenta_corriente_lag1_-_mpasivos_margen_delta1/kmes_lag2	0.00173043490345437	0.00181122045071801	0.00217548948513416	105
mtarjeta_visa_consumo_lag1/mrentabilidad_annual_lag1_-_mcomisiones_delta1/mcomisiones_lag2/mcomisiones_delta1	0.00172341305172656	0.0018627982516325	0.00362581580855693	106
mcomisiones_lag2/Master_fechaalta_-_ctarjeta_visa_transacciones_delta2	0.00172139540989554	0.00261167593467771	0.0050761421319797	107
mrentabilidad_annual_-_mpayroll_delta1/mcaja_ahorro_lag1	0.00169814894896119	0.00146416982130891	0.00217548948513416	108
mactivos_margen_delta1/mcuentas_saldo_lag2/mcaja_ahorro_delta1/mtarjeta_master_consumo_delta2/mcuenta_corriente_lag2	0.00167007423242718	0.00122307358912724	0.00217548948513416	109
mpayroll_delta1/mcaja_ahorro_lag1_-_mactivos_margen_lag2	0.00166350682366261	0.00240056679605098	0.00217548948513416	110
mcaja_ahorro_delta1/chomebanking_transacciones_delta1	0.00165863391275897	0.00190797880592193	0.00290065264684554	111
mrentabilidad_lag1/mrentabilidad/cliente_antiguedad_lag2	0.00165165524433451	0.00276560968159304	0.00362581580855693	112
canarito40	0.00164263068205742	0.00197075178843026	0.00362581580855693	113
canarito4	0.00163370155737447	0.00537488664878636	0.0050761421319797	114
mtarjeta_visa_consumo_delta1/mcuentas_saldo_-_mcuentas_saldo_lag2/mpasivos_margen_delta1	0.00159125371749674	0.0020147328589775	0.00362581580855693	115
canarito63	0.00159008161707545	0.00262846870706848	0.00290065264684554	116
mactivos_margen_lag1_-_mrentabilidad/Visa_mpagominimo_lag1	0.00158874930595255	0.00126065741304942	0.00362581580855693	117
canarito6	0.00157554707587381	0.00235858486507407	0.00290065264684554	118
canarito62	0.0015711549861848	0.00149855502191857	0.00290065264684554	119
mpayroll_lag1/mcaja_ahorro_lag2_+_mtarjeta_visa_consumo_delta1/chomebanking_transacciones	0.00156683299836135	0.0011650985415877	0.00290065264684554	120
cliente_edad_delta1_-_mtarjeta_visa_consumo_delta2/mprestamos_personales	0.00153426577745027	0.00205391599455594	0.00217548948513416	121
canarito13	0.00153288490924003	0.00209869672093131	0.00290065264684554	122
canarito26	0.00151733066297701	0.00225023150036224	0.00290065264684554	123
mrentabilidad_annual_lag1/mcaja_ahorro_delta1_-_mcaja_ahorro_lag1	0.00149183408455364	0.00990253794766732	0.00435097897026831	124
mactivos_margen/mrentabilidad_annual_delta2/mpasivos_margen/mcuentas_saldo_lag2/mpasivos_margen_delta1	0.0014854231200166	0.00201593234271969	0.00145032632342277	125
mtarjeta_visa_consumo_lag2/mrentabilidad_annual/Visa_fechaalta_delta1	0.00146718602271304	0.00113751041551716	0.00290065264684554	126
ctarjeta_visa_transacciones_lag1/ctarjeta_visa_transacciones	0.00145585595069713	0.00635206607076314	0.00362581580855693	127
mprestamos_personales_-_mpayroll_delta1/cpayroll_trx	0.00143778081686219	0.0057519243717504	0.00652646845540247	128
mpayroll_lag1/mcuenta_corriente_lag2/chomebanking_transacciones_delta2	0.00142434760391847	0.00214027882399415	0.00217548948513416	129
mpasivos_margen_delta2/mactivos_margen_lag1/ccomisiones_mantenimiento_lag2	0.00142231497885274	0.00146536930505111	0.00290065264684554	130
Visa_mpagominimo_lag1/ccomisiones_mantenimiento_lag1/cliente_edad_lag2	0.00141696588096588	0.00351568684838046	0.00290065264684554	131
mrentabilidad_annual_delta1_-_mrentabilidad/chomebanking_transacciones_lag1	0.00140626572821603	0.00182761339519471	0.00217548948513416	132
ctrx_quarter_lag1/mtarjeta_visa_consumo_lag1_-_mcaja_ahorro_delta1/mcuenta_corriente_lag2	0.00140159730417713	0.00119868408636923	0.00290065264684554	133
canarito15	0.00140121296307945	0.00162769943816182	0.00362581580855693	134
canarito54	0.00138227286598063	0.00169087224858421	0.00290065264684554	135
mrentabilidad_annual_delta1/mcomisiones_lag2/mcomisiones_delta1/mrentabilidad_annual/Visa_fechaalta_delta1	0.00137781207369255	0.00614015727630828	0.00290065264684554	136
canarito11	0.00134491127319276	0.00158251888387238	0.00217548948513416	137
cproductos_lag2_+_kmes_delta1	0.00134478384296364	0.00106834018638378	0.00217548948513416	138
canarito30	0.00133600186639127	0.00329937994687087	0.00362581580855693	139
mcuentas_saldo_lag1_-_mpasivos_margen_delta1/kmes_lag2/mcomisiones_lag1	0.00132889640502736	0.00160930735411479	0.00217548948513416	140
mactivos_margen_delta1_-_mpayroll_delta1_-_Master_mpagominimo_lag1	0.00131894959854074	0.00190797880592193	0.00362581580855693	141
canarito1	0.00131309843702148	0.00111512005232948	0.00217548948513416	142
cliente_antiguedad_lag1_-_mcomisiones_lag2/Master_fechaalta	0.00131178434568712	0.00192916968536742	0.00217548948513416	143
mpayroll_delta1/mcaja_ahorro_lag1_-_mrentabilidad_annual_lag2/mcuenta_corriente/ctrx_quarter_lag2	0.00131070625934877	0.00113271248054837	0.00217548948513416	144
mactivos_margen_lag1_-_Master_fechaalta_lag2	0.00129122303362136	0.00266165442393594	0.00362581580855693	145
mrentabilidad_annual_lag1/Visa_fechaalta_lag1	0.00125373559539447	0.000766470111264112	0.00217548948513416	146
mtarjeta_visa_consumo_delta1/Visa_mpagominimo_delta1/mactivos_margen	0.00124179927039213	0.00260727782762299	0.00362581580855693	147
canarito58	0.00123160729038753	0.000966783896211071	0.00217548948513416	148
mpasivos_margen_delta1/internet_lag1_-_mcuenta_corriente_lag1	0.00118706431563828	0.000575752196254732	0.00145032632342277	149
mrentabilidad_lag1/cdescubierto_preacordado_lag1/mrentabilidad_annual_lag1/mcuentas_saldo_lag2	0.00117851668156708	0.0020415213292199	0.00217548948513416	150
cproductos_delta1_-_Master_fechaalta_delta2/mactivos_margen_delta2	0.00117737282970386	0.000904010913702742	0.00217548948513416	151
mcomisiones_lag1/mactivos_margen_delta2_-_mcaja_ahorro_delta2	0.0011765550762026	0.0019843459375085	0.00217548948513416	152
mcuenta_corriente_delta2/mrentabilidad_annual_lag1/mcuentas_saldo_lag2	0.00115521845123626	0.000998370301422268	0.00145032632342277	153
mactivos_margen_delta1/ccallcenter_transacciones_delta2/mpayroll_sobre_edad_lag1	0.00109914313772966	0.00100636685970358	0.00217548948513416	154
mtarjeta_visa_consumo_lag2/mcaja_ahorro_lag1/cliente_antiguedad_lag1/kmes_lag2	0.00109529834134044	0.000918004890695045	0.00145032632342277	155
mcomisiones_delta1_-_mpayroll_lag2	0.00109447721176497	0.00481032963412547	0.0050761421319797	156
Master_fechaalta_delta1_-_mcomisiones_delta2	0.00103656472283683	0.00355447015604484	0.00435097897026831	157
mrentabilidad_annual_lag2/mcuenta_corriente/ctrx_quarter_lag2_-_Visa_mpagominimo_lag2	0.00102711604080959	0.00142778548112892	0.00290065264684554	158
mcomisiones_delta1/mcomisiones_lag2/mcomisiones_delta1_-_ctrx_quarter_lag1/mtarjeta_visa_consumo_lag1	0.00102596008736939	0.000714892310349626	0.00145032632342277	159
mtarjeta_visa_consumo_lag1/kmes_delta1	0.00102500018536441	0.00275281518834294	0.00217548948513416	160
mtarjeta_visa_consumo_delta1/chomebanking_transacciones/mrentabilidad_annual_lag1/mcaja_ahorro_delta1/mrentabilidad_lag2	0.00101719685542629	0.00111512005232948	0.00217548948513416	161
mcomisiones_lag2_-_mrentabilidad_annual_delta1/mrentabilidad_annual/mtarjeta_master_consumo_delta2	0.00101362673089212	0.000760072864639059	0.00145032632342277	162
canarito12	0.00100417882815933	0.00264965958651396	0.00290065264684554	163
canarito49	0.00100359013873814	0.00143258341609771	0.00217548948513416	164
mcuentas_saldo_lag2_-_mrentabilidad_annual_lag1/mcaja_ahorro_delta1/mrentabilidad/chomebanking_transacciones_lag1	0.000988694822303103	0.000896414183335492	0.00217548948513416	165
mcomisiones_delta2/mcuentas_saldo_lag2/mpasivos_margen_delta1	0.000980129732036132	0.00169287138815454	0.00145032632342277	166
mcaja_ahorro_delta1/mcuenta_corriente_lag2/mtarjeta_master_consumo_lag1/mrentabilidad	0.000974561454959359	0.000696900054216665	0.00145032632342277	167
canarito34	0.000964523144894044	0.00259808178559948	0.00217548948513416	168
canarito44	0.000935713273143846	0.000721289556974678	0.00145032632342277	169
mcomisiones_lag1/mactivos_margen_delta2/Master_mpagominimo_delta2	0.00093347411426661	0.00175924282188946	0.00217548948513416	170
mtarjeta_master_consumo_delta2_-_mrentabilidad_annual_lag1	0.000918860147374213	0.000644522597474047	0.00145032632342277	171
mcaja_ahorro_delta2/mactivos_margen_lag1/kmes_delta1	0.000915176086527329	0.000898013494991756	0.00145032632342277	172
canarito22	0.000908983681181119	0.00160690838663039	0.00217548948513416	173
mtarjeta_visa_consumo_delta2_-_mcuenta_corriente_lag1/mcuenta_corriente_lag1/Visa_mpagominimo_lag1/ccomisiones_mantenimiento_lag1	0.000906663544951278	0.00110352504282157	0.00290065264684554	174
mpasivos_margen/Master_fechaalta_lag2/mrentabilidad_annual_delta2/mpasivos_margen	0.000885312248468016	0.00224103545833873	0.00145032632342277	175
mcuenta_corriente_lag1/mcuenta_corriente_lag1/mpasivos_margen_delta2_-_mpasivos_margen_lag2	0.000884990500300881	0.00137820681978476	0.00145032632342277	176
mcuenta_corriente_lag1/mcuenta_corriente_lag1/mpasivos_margen_delta2/mcomisiones_lag1/mactivos_margen_delta2	0.00087748710694401	0.000819647223834862	0.00145032632342277	177
Visa_mpagominimo_lag1_-_mtarjeta_visa_consumo_lag2/Visa_fechaalta	0.000874292429160158	0.000543366135215403	0.00145032632342277	178
canarito7	0.000873942723371543	0.000648121048700639	0.00145032632342277	179
mrentabilidad_lag2/ctrx_quarter_lag2	0.000862358099151623	0.000506581967121351	0.00145032632342277	180
mcuentas_saldo_lag2/mpasivos_margen_delta1/cdescubierto_preacordado_lag2	0.000859473507826341	0.0016944706998108	0.00217548948513416	181
mcaja_ahorro/mcomisiones_delta2/chomebanking_transacciones_delta1/kmes_delta1_-_cpayroll_trx_delta1	0.00085166850673456	0.00181002096697581	0.00145032632342277	182
mprestamos_personales_lag1_-_mprestamos_personales/mprestamos_personales_lag1	0.00082830518973094	0.00398428516366556	0.00145032632342277	183
canarito29	0.000822505479518963	0.00105114758607895	0.00217548948513416	184
mcomisiones_-_Visa_mpagominimo_lag1/mcomisiones_lag1	0.000811472496971905	0.00122187410538504	0.00290065264684554	185
mactivos_margen_delta1/mcuentas_saldo_lag2/chomebanking_transacciones_delta1	0.000806782614717266	0.000511779730004206	0.00145032632342277	186
mrentabilidad_lag1_-_ccallcenter_transacciones_delta2	0.000802465808336048	0.00250532170953622	0.00145032632342277	187
mrentabilidad/chomebanking_transacciones_lag1_-_mtarjeta_visa_consumo_lag1/mrentabilidad_annual_lag1	0.000786053215989536	0.00136901077776125	0.00145032632342277	188
mcaja_ahorro_delta2/kmes_lag2_-_mrentabilidad/chomebanking_transacciones_lag1	0.000782342887724253	0.0006509198440991	0.00145032632342277	189
Visa_mpagominimo_delta2/mcomisiones_lag1_-_mprestamos_personales_delta1	0.000776229450882722	0.00230580758041739	0.00145032632342277	190
mrentabilidad_lag1/mpasivos_margen_lag1/Visa_fechaalta_lag1	0.000775742506145449	0.000967583552039202	0.00217548948513416	191
mpasivos_margen/mactivos_margen_delta1/mcuenta_corriente_lag1/mrentabilidad_annual_lag2/mcuenta_corriente/ctrx_quarter_lag2	0.000765436035663192	0.000473796078167957	0.00145032632342277	192
Visa_fechaalta_delta2/mrentabilidad_annual_lag2_+_mactivos_margen_delta1/ccallcenter_transacciones_delta2/mtarjeta_visa_consumo_delta1	0.000765027893181114	0.00108353364711828	0.00145032632342277	193
mrentabilidad_lag1/mpasivos_margen_lag1/ctrx_quarter_lag1	0.000762275064962126	0.000535769404848153	0.00145032632342277	194
mpasivos_margen_delta1/kmes_lag2_-_cpayroll_trx_lag1/mtarjeta_visa_consumo_delta1	0.000749960397697634	0.000989174259398755	0.00145032632342277	195
mpasivos_margen/mactivos_margen_delta1_-_mpasivos_margen/Master_fechaalta_lag2	0.000745915852553952	0.00121467720293186	0.00145032632342277	196
cpayroll_trx_lag1/mtarjeta_visa_consumo_delta1_-_mcomisiones_delta1	0.000737539247638938	0.000622132234286363	0.00145032632342277	197
mrentabilidad_annual_delta1/mrentabilidad_annual/mtarjeta_master_consumo_delta2/mactivos_margen_delta1	0.00073152923183029	0.000518176976629259	0.00145032632342277	198
ctrx_quarter_lag1_+_Master_status_delta2	0.000701479745862596	0.00135501680076895	0.00217548948513416	199
mtarjeta_master_consumo_lag1_-_cliente_antiguedad_lag1	0.000696763915664413	0.00106154311184466	0.00145032632342277	200
mtarjeta_visa_consumo_delta1/chomebanking_transacciones_-_mcuenta_corriente_lag2	0.000690520111519544	0.000251091930033314	0.000725163161711385	201
Visa_status_lag2_+_ctarjeta_visa_transacciones_delta2	0.000682088810524447	0.0013322266096672	0.00145032632342277	202
mpasivos_margen_delta1/mpayroll_lag1_-_cliente_antiguedad	0.000630026524030271	0.000303469386775932	0.000725163161711385	203
mtarjeta_visa_consumo_delta2/cproductos_delta2_-_mcuenta_corriente_delta1	0.000616514264757013	0.00117189561612682	0.000725163161711385	204
canarito25	0.000614875654430799	0.000866826917694624	0.00145032632342277	205
canarito60	0.000608826029682698	0.00141858943910541	0.00145032632342277	206
mtarjeta_master_consumo_lag1/chomebanking_transacciones_delta1_-_mactivos_margen_lag1	0.000592542059019947	0.00261047645093552	0.00145032632342277	207
mtarjeta_visa_consumo_lag2/mcaja_ahorro_lag1/chomebanking_transacciones_delta2/chomebanking_transacciones_delta1	0.000588044955073836	0.000910408160327795	0.00145032632342277	208
Visa_mpagominimo_lag1/mactivos_margen_lag2/cliente_antiguedad_lag2	0.000580836751529105	0.000850034145303861	0.00217548948513416	209
mcomisiones_lag2/mcomisiones_delta1_-_mactivos_margen_lag2	0.000560316120590323	0.000481392808535206	0.000725163161711385	210
mcuentas_saldo_delta1/Master_fechaalta_lag1/ccallcenter_transacciones_lag1	0.000548021874304059	0.00109592831245432	0.00290065264684554	211
Visa_fechaalta_+_mprestamos_personales_delta1/mtarjeta_master_consumo	0.000547789928566281	0.00140619477376937	0.00145032632342277	212
Visa_mpagominimo_lag1/mcomisiones_lag1_-_mcomisiones_delta2/mpayroll_sobre_edad_lag1	0.000542591334924394	0.00153813798541108	0.00145032632342277	213
cdescubierto_preacordado_delta2_-_Master_mpagominimo_lag1	0.000540428803204944	0.00162170201945083	0.000725163161711385	214
mpasivos_margen_lag2/mrentabilidad_annual_lag1/mpayroll_delta2	0.000538230122173659	0.00627689842291878	0.0101522842639594	215
mprestamos_personales_lag1/mcomisiones_lag2_+_mrentabilidad_lag1/mactivos_margen_delta1	0.000511133704628803	0.000258288832486498	0.000725163161711385	216
canarito27	0.000509796989510565	0.00070689575206831	0.00145032632342277	217
mprestamos_personales/chomebanking_transacciones_delta2/chomebanking_transacciones_delta1	0.000508600561248183	0.000299071279721208	0.000725163161711385	218
mtarjeta_visa_consumo_delta1/chomebanking_transacciones/mrentabilidad_annual_lag1/mcaja_ahorro_delta1/Visa_fechaalta/mactivos_margen	0.000490648609517128	0.0010739377771807	0.000725163161711385	219
mtarjeta_master_consumo_delta2/mcuenta_corriente_lag2_-_mprestamos_personales_delta2	0.000479419300707068	0.00117029630447056	0.00217548948513416	220
mpasivos_margen/mactivos_margen_delta1/mcuenta_corriente_lag1/ccomisiones_mantenimiento_lag2	0.000478191424882875	0.000234299157642551	0.000725163161711385	221
mcuenta_corriente_lag1/mcuenta_corriente_lag1/mcaja_ahorro_delta1/mcuenta_corriente_lag2/mactivos_margen_lag1/kmes_delta1	0.000476046474046309	0.000989574087312821	0.000725163161711385	222
mtarjeta_visa_consumo_delta1/mcaja_ahorro/mcomisiones_delta2_-_mpasivos_margen_lag2	0.000472172805663454	0.000502583687980693	0.00145032632342277	223
canarito3	0.000467692409790438	0.00119468580722857	0.00145032632342277	224
mtarjeta_visa_consumo_lag2_-_cproductos_delta1	0.00046706421141525	0.00188998654978897	0.00290065264684554	225
mcuentas_saldo_delta2_-_mactivos_margen_delta1/ccallcenter_transacciones_delta2/mtarjeta_visa_consumo_delta1	0.000464866584194055	0.00027987953984605	0.000725163161711385	226
mpasivos_margen_delta1/mpayroll_lag1_-_mtarjeta_master_consumo_lag1/mrentabilidad	0.000458155518558056	0.00104794896276643	0.00145032632342277	227
Visa_status_lag2_+_mcomisiones/mcomisiones_lag1	0.000449104761596716	0.00135541662868302	0.00362581580855693	228
canarito46	0.000440060155866266	0.000998370301422268	0.00145032632342277	229
mrentabilidad_annual_lag1/mcuentas_saldo_lag2_-_mactivos_margen_lag1	0.000439823066785091	0.000623331718028561	0.000725163161711385	230
cliente_edad_lag2_-_mcomisiones_delta2/mpayroll_sobre_edad_lag1	0.000431797460961509	0.00256609555247422	0.00217548948513416	231
internet_delta1_+_ctrx_quarter_lag2	0.00043046352218927	0.00120228253759582	0.00145032632342277	232
mcuenta_corriente_lag1/mcuenta_corriente_lag1/mcaja_ahorro_delta1/mcuenta_corriente_lag2/mrentabilidad_lag1/mactivos_margen_delta1	0.000427893918218793	0.000258688660400564	0.000725163161711385	233
mtarjeta_visa_consumo_delta2/mactivos_margen_delta2	0.000427290210927583	0.00202672769639947	0.00217548948513416	234
mcuenta_corriente_lag2/ctarjeta_visa_transacciones_lag1	0.000426388776665447	0.00110232555907937	0.00217548948513416	235
Visa_mpagominimo_delta1_-_mcuentas_saldo/mcuenta_corriente_lag1/mcuenta_corriente_lag1	0.000423062652810776	0.000750876822615546	0.000725163161711385	236
chomebanking_transacciones_-_mrentabilidad	0.000414911163550592	0.00148576052866846	0.000725163161711385	237
canarito48	0.000413382832048457	0.00047539538982422	0.000725163161711385	238
mpasivos_margen_lag2/mrentabilidad/Visa_mpagominimo_lag1	0.000413066680947268	0.000294273344752419	0.000725163161711385	239
canarito66	0.000401807961131571	0.000280679195674182	0.000725163161711385	240
canarito2	0.000390606846761919	0.000954789058789097	0.00145032632342277	241
mrentabilidad_annual_lag1_-_mcaja_ahorro_lag1	0.000387791827381966	0.000273882121135064	0.000725163161711385	242
mcuentas_saldo_delta1/Master_fechaalta_lag1_-_ccallcenter_transacciones_lag1	0.00038755233114681	0.000523374739512114	0.00145032632342277	243
mcaja_ahorro_delta1_-_Visa_mpagominimo_lag1/mcomisiones_lag1	0.000383273310156022	0.00259368367854475	0.00217548948513416	244
mprestamos_personales_lag1/mcomisiones_lag2/mcuentas_saldo_lag2/mpasivos_margen_delta1	0.000371851771484154	0.000431414319276983	0.000725163161711385	245
ctrx_quarter_lag1_-_Visa_mpagominimo_delta2/mcomisiones_lag1	0.000355666355593361	0.00298591486224329	0.00362581580855693	246
mpasivos_margen_delta1/mpayroll_lag1_-_mcuentas_saldo_delta2	0.00035514597046518	0.000233899329728485	0.000725163161711385	247
mrentabilidad_annual_delta1/mrentabilidad_annual/mactivos_margen_delta1/mcuentas_saldo_lag2/mcaja_ahorro_delta1	0.000354281306901316	0.00140059718297245	0.000725163161711385	248
mrentabilidad_lag1/mactivos_margen_delta1/ctrx_quarter_delta1	0.000348992661455848	0.000490988678472785	0.000725163161711385	249
mcomisiones_lag1_-_mpasivos_margen_lag1	0.000348529268728742	0.000300270763463405	0.000725163161711385	250
mpayroll_delta1_-_mcomisiones_delta2	0.000347810130629833	0.000878421927202532	0.00145032632342277	251
canarito57	0.000346183769062069	0.000797256860647177	0.00145032632342277	252
mcuentas_saldo_delta2/ctarjeta_visa_transacciones_delta2_+_ctarjeta_visa_transacciones_delta2	0.000336356744772672	0.000441809845042694	0.00145032632342277	253
mpayroll_lag1/mcaja_ahorro_lag1	0.000333367980828302	0.000453804682464667	0.000725163161711385	254
mtarjeta_visa_consumo_delta1_+_Master_status_delta2/ccallcenter_transacciones	0.00032358367226558	0.00215347314515832	0.000725163161711385	255
Visa_mpagominimo_-_mtarjeta_visa_consumo_delta1	0.000321673437991518	0.000266285390767814	0.000725163161711385	256
Master_fechaalta_delta1/mcuenta_corriente_delta1/chomebanking_transacciones_delta1/kmes_delta1/Master_fechaalta_lag1/cproductos_delta1	0.000319444067052625	0.000500584548410364	0.00145032632342277	257
canarito9	0.000292640597975653	0.000692901775076007	0.000725163161711385	258
cliente_edad_delta1/mtarjeta_visa_consumo	0.000291480730745525	0.00142498668573046	0.000725163161711385	259
canarito8	0.000290175450633799	0.000241895888009801	0.000725163161711385	260
mtarjeta_visa_consumo_lag2_-_mprestamos_personales_lag2	0.000286792806926022	0.00119268666765824	0.00290065264684554	261
mcuenta_corriente/ctrx_quarter_lag2/mrentabilidad_lag1/cdescubierto_preacordado_lag1	0.000282642963617309	0.000279079884017919	0.000725163161711385	262
mactivos_margen_delta1/mcuenta_corriente_lag1/mcuenta_corriente_lag1/Visa_mpagominimo_lag1/ccomisiones_mantenimiento_lag1	0.000279173226062949	0.000367042025112392	0.000725163161711385	263
Master_mpagominimo_delta1/ccallcenter_transacciones_lag1	0.000276807482058125	0.000718090933662152	0.00145032632342277	264
canarito32	0.000274393969035032	0.000377837378792168	0.000725163161711385	265
canarito31	0.000273154412885796	0.000224303459790906	0.000725163161711385	266
mpasivos_margen_lag2/mrentabilidad_annual_lag1/Visa_fechaalta_delta1	0.000269715098986923	0.00025429055334584	0.000725163161711385	267
mactivos_margen_delta1/mcuentas_saldo_lag2/mrentabilidad_lag2	0.000267268017422279	0.000247893306720787	0.000725163161711385	268
mcaja_ahorro_delta2/kmes_lag2_-_Visa_fechaalta_delta2	0.000261676132918844	0.000283877818986708	0.000725163161711385	269
canarito24	0.000260252344633605	0.00203872253382144	0.000725163161711385	270
mtarjeta_visa_consumo_delta1/chomebanking_transacciones/mrentabilidad_annual_lag1/mcaja_ahorro_delta1/Master_fechaalta	0.000217352399676	0.00026468607911155	0.000725163161711385	271
mrentabilidad_annual_delta1/mrentabilidad_annual/mprestamos_personales_delta2/mprestamos_personales	0.000215020667544682	0.00215347314515832	0.000725163161711385	272
mrentabilidad/Visa_mpagominimo_lag1/mactivos_margen_delta1	0.00021394540744755	0.000244694683408261	0.000725163161711385	273
mpayroll_lag1_-_mcuenta_corriente_delta2	0.000212723402840225	0.0060521951352138	0.00797679477882524	274
canarito64	0.0002014629528918	0.000345851145666905	0.000725163161711385	275
mcaja_ahorro_delta1/mcuenta_corriente_lag2/internet_delta1	0.000201248546474535	0.00023909709261134	0.000725163161711385	276
mcuentas_saldo/cpayroll_trx_delta2/mrentabilidad_lag1	0.000195624797486756	0.000250292274205182	0.000725163161711385	277
mcomisiones_-_kmes_delta2	0.000180076418723962	0.001361414047394	0.00217548948513416	278
mcuenta_corriente/ctrx_quarter_lag2_-_cliente_antiguedad_delta2	0.000174590926684055	0.000207910515314209	0.000725163161711385	279
mactivos_margen_delta2/mcuenta_corriente_lag1/mcuenta_corriente_lag1/mpasivos_margen_delta2	0.000160576524699903	0.000207910515314209	0.000725163161711385	280
canarito36	0.000121362968081952	0.000548164070184193	0.000725163161711385	281
canarito42	0.000119094660128603	0.000218306041079919	0.000725163161711385	282
canarito10	0.000117759552088706	0.00047059745485543	0.000725163161711385	283
cpayroll_trx_delta2/mrentabilidad_lag1/mcomisiones_lag2	9.63424208099631e-05	0.00150575192437175	0.00145032632342277	284
mcaja_ahorro/mcomisiones_delta2_+_chomebanking_transacciones_delta1/kmes_delta1	9.33629545766134e-05	0.00100716651553172	0.00217548948513416	285
mtarjeta_visa_consumo_delta1/mcuentas_saldo_-_ccallcenter_transacciones_lag2	9.17543299069258e-05	0.000263486595369353	0.000725163161711385	286
mcaja_ahorro_delta2/kmes_lag2/ctarjeta_visa_transacciones_lag2_-_cdescubierto_preacordado_lag1	9.10056045766413e-05	0.000848035005733532	0.000725163161711385	287
mtarjeta_visa_consumo_delta2/cproductos_delta2/Visa_mpagominimo_lag1	8.91099517676975e-05	0.000237897608869143	0.000725163161711385	288
canarito18	5.36802714938381e-05	0.000273082465306932	0.000725163161711385	289
cliente_antiguedad_delta1_-_ctrx_quarter_lag2	3.87845030680228e-05	0.00104954827442269	0.00217548948513416	290
mcaja_ahorro_lag2_+_mcuentas_saldo_delta1/mcomisiones	3.34681165089617e-05	0.000562158047176495	0.00145032632342277	291
mrentabilidad/chomebanking_transacciones_lag1_-_mcuenta_corriente_lag1/mcuenta_corriente_lag1/mpasivos_margen_delta2	3.23440725417988e-05	0.000578550991653192	0.000725163161711385	292
ctrx_quarter_lag1_-_mrentabilidad_lag1/mtarjeta_visa_consumo_delta2/cproductos_delta2	2.93448119070143e-05	0.00292074291225057	0.0050761421319797	293
mcuentas_saldo_lag2_-_mcomisiones_lag2	1.55317442330094e-05	0.00084443655450694	0.00145032632342277	294
ctrx_quarter_lag2_-_internet	1.40797873864965e-05	0.000651319672013166	0.00145032632342277	295
mtarjeta_visa_consumo_-_mactivos_margen_delta2_-_cpayroll_trx_lag2/ccallcenter_transacciones_lag2	1.23620145978731e-05	0.000289875237697695	0.000725163161711385	296
mcomisiones_delta2/mpayroll_sobre_edad_lag1_-_mrentabilidad	9.46585096641931e-06	0.00109592831245432	0.00145032632342277	297
mtarjeta_visa_consumo_delta2/cproductos_delta2_+_cliente_antiguedad_delta1/cproductos_delta2	7.87354436843039e-06	0.000247893306720787	0.000725163161711385	298
chomebanking_transacciones_lag1_+_mtarjeta_master_consumo_lag2	6.23232946697476e-06	0.000215907073595525	0.000725163161711385	299
mprestamos_personales/mprestamos_personales_lag1/mpayroll_lag1/cpayroll_trx_lag2	5.78689363232663e-06	0.00107233846552444	0.00145032632342277	300
