Feature	Gain	Cover	Frequency	pos
ctrx_quarter	0.295312130045958	0.0625763244144188	0.0367705835331735	1
cdescubierto_preacordado_lag2/ccomisiones_mantenimiento_delta2/cpayroll_trx	0.0368518831355559	0.0404514010081502	0.0215827338129496	2
mprestamos_personales	0.0296313433397487	0.0238636334256336	0.0151878497202238	3
mtarjeta_visa_consumo	0.0286277952437685	0.01687733713221	0.0119904076738609	4
mcaja_ahorro/cliente_antiguedad_lag1/cliente_antiguedad_lag2	0.0190934443689981	0.004740839562095	0.00159872102318145	5
mpayroll_sobre_edad	0.0165099490946805	0.0129931408212916	0.00719424460431655	6
ccomisiones_mantenimiento_delta2/ctrx_quarter_lag2/ctrx_quarter_lag2	0.0159257242987134	0.00876077159943224	0.00399680255795364	7
mcaja_ahorro_lag2	0.0144930983525259	0.00329945541964747	0.00399680255795364	8
mpasivos_margen/Master_fechaalta_lag2/Master_fechaalta_lag1/mcaja_ahorro_lag2	0.0144552995124212	0.00371097166958391	0.00479616306954436	9
mpayroll_lag1/mpayroll_sobre_edad	0.0144256858309571	0.014222518686285	0.00479616306954436	10
mtarjeta_visa_consumo_-_mactivos_margen_delta2	0.0124978967267471	0.00620807812862231	0.00319744204636291	11
mpasivos_margen_lag2	0.0110866045032788	0.00357480503609709	0.00479616306954436	12
mrentabilidad_delta1/mcaja_ahorro_delta1/mcuentas_saldo/mrentabilidad_lag2	0.0100347152833659	0.00601546266922798	0.00399680255795364	13
mcuentas_saldo/mpasivos_margen	0.00912796438278377	0.0163486141597786	0.0111910471622702	14
mrentabilidad_annual_delta2/mprestamos_personales_lag2/mactivos_margen_lag1	0.00763726226422596	0.00101866430874319	0.00159872102318145	15
chomebanking_transacciones_delta2	0.00746265517369389	0.0127587273763017	0.008792965627498	16
chomebanking_transacciones_lag1/Visa_mpagominimo/chomebanking_transacciones_delta1/kmes_delta1	0.007187892944062	0.00747623762973535	0.00959232613908873	17
ccomisiones_mantenimiento_delta2/ctrx_quarter_lag2	0.00688195834074849	0.00214203903500948	0.000799360511590727	18
canarito92	0.00661529872050168	0.00726638588762116	0.00959232613908873	19
mpasivos_margen	0.00618158936834895	0.00133495009665246	0.00319744204636291	20
mtarjeta_visa_consumo/ctarjeta_visa_transacciones	0.00592492637033131	0.00159004708090625	0.00319744204636291	21
mrentabilidad_annual_delta1/ccomisiones_mantenimiento_lag2/cliente_antiguedad/mactivos_margen_lag1/mcuentas_saldo_lag1/mactivos_margen_lag1	0.00535699659134709	0.00337529506361481	0.00479616306954436	22
ccallcenter_transacciones_delta2/Visa_mpagominimo	0.00473757022246605	0.0038971235229583	0.00319744204636291	23
mcaja_ahorro_delta1/mprestamos_personales_lag2/mactivos_margen_lag1/cproductos_lag1/Master_fechaalta_lag1/mcaja_ahorro_lag2	0.00465490245921989	0.000228380746038025	0.000799360511590727	24
ctarjeta_visa_transacciones	0.00438658593346034	0.00258544240797764	0.00319744204636291	25
mrentabilidad_lag1/mcuenta_corriente_lag2/Master_fechaalta	0.00406064018428573	0.00686262596490865	0.00479616306954436	26
chomebanking_transacciones_delta1/mrentabilidad_lag1/Visa_fechaalta_lag1/Visa_fechaalta_delta2	0.00401412658782318	0.00217651160044918	0.00399680255795364	27
ccomisiones_mantenimiento_delta1/mcomisiones_lag2/ctarjeta_visa_transacciones_lag2/mpasivos_margen_lag2	0.00395744671926587	0.00602537353179189	0.00319744204636291	28
ctarjeta_visa_transacciones_lag2/mpasivos_margen_lag2	0.00383671706810698	0.00364633560938447	0.00319744204636291	29
chomebanking_transacciones	0.00380287162747073	0.00539495649131334	0.00479616306954436	30
cproductos_delta1	0.00378344883098377	0.00901500676955004	0.00319744204636291	31
Visa_fechaalta_lag2/Master_fechaalta_lag1/mcaja_ahorro_lag2	0.0036133174974867	0.00238420880722338	0.00399680255795364	32
mcomisiones_lag2/Master_fechaalta	0.00359930039664976	0.00696604366122776	0.00479616306954436	33
mrentabilidad_annual/Master_fechaalta_delta2	0.00359680349444055	0.00527774976881836	0.00479616306954436	34
Visa_fechaalta_lag1/mrentabilidad_lag2	0.00356431403498576	0.00339253134633466	0.00639488409272582	35
canarito193	0.00350225896092072	0.0108450690873302	0.00639488409272582	36
Master_fechaalta_lag1/mcaja_ahorro_lag2	0.00347861079401805	0.0111639403176475	0.00399680255795364	37
mrentabilidad_annual_lag1/mrentabilidad_lag2/mactivos_margen/Visa_fechaalta_delta2	0.00343901555835087	0.00668940132357415	0.00719424460431655	38
canarito129	0.00337465284300606	0.00456459857128453	0.00479616306954436	39
mpayroll_lag2/mpayroll_delta2/mcaja_ahorro_delta1/mcuentas_saldo/mrentabilidad_lag2	0.00332213932394152	0.014222518686285	0.00479616306954436	40
mcaja_ahorro_lag2/cdescubierto_preacordado_lag2	0.00306805911776304	0.00213083545124157	0.00319744204636291	41
canarito97	0.0030115170203797	0.00778778343989665	0.00479616306954436	42
canarito69	0.0029943870086737	0.00120912523279754	0.00319744204636291	43
mcaja_ahorro_lag1/chomebanking_transacciones_delta2/mrentabilidad_lag1/mactivos_margen_delta1/ctrx_quarter_delta1	0.00293569218291779	0.00546562525046473	0.00319744204636291	44
Visa_fechaalta/kmes_lag2/mrentabilidad_annual_delta2	0.00290029721803729	0.00257510063834573	0.00399680255795364	45
mrentabilidad_annual/Visa_fechaalta_delta1/cproductos_lag1/cdescubierto_preacordado	0.002870492151077	0.000754087368993479	0.00159872102318145	46
mtarjeta_visa_consumo/mactivos_margen_lag1/kmes_delta1/Visa_mpagominimo_lag2/mcaja_ahorro_lag2	0.00286818121641967	0.00102124975115117	0.00239808153477218	47
cproductos_delta2	0.00283718096360128	0.00664458698850254	0.00239808153477218	48
cliente_antiguedad_lag2/mcaja_ahorro_delta1	0.00277678748101705	0.000858366879448577	0.00159872102318145	49
mcuentas_saldo_lag1/mtarjeta_visa_consumo_delta1/ccomisiones_mantenimiento_lag2/mactivos_margen/Visa_fechaalta_delta2	0.00274825021262019	0.00261129683205742	0.00159872102318145	50
Master_mpagominimo	0.00268135734511142	0.00871380272902064	0.00319744204636291	51
mrentabilidad_annual/mcuentas_saldo/mrentabilidad_lag2	0.00264415991930975	0.00513813587878757	0.00399680255795364	52
canarito38	0.00262545989709906	0.00429355802551487	0.00319744204636291	53
mcuentas_saldo/mpasivos_margen/mpayroll_sobre_edad	0.0026145078722575	0.000989362628119444	0.00159872102318145	54
mtarjeta_visa_consumo/mactivos_margen_lag1/kmes_delta1/Visa_mpagominimo_lag2/mtarjeta_visa_consumo_lag1	0.00257051484899871	0.010757594952527	0.00399680255795364	55
mactivos_margen_lag2/Master_fechaalta_delta2/mtarjeta_visa_consumo_delta1/ctarjeta_visa_transacciones_delta2	0.00249898072150739	0.00905594294100968	0.00399680255795364	56
cpayroll_trx_lag2/mpayroll_sobre_edad	0.00244414058959233	0.00183049322484817	0.00319744204636291	57
mrentabilidad_annual_delta1/ccomisiones_mantenimiento_lag2/cliente_antiguedad/mactivos_margen_lag1	0.00242659079104602	0.00202914138319445	0.00239808153477218	58
canarito53	0.00242541444145962	0.0102219774670076	0.00399680255795364	59
mpasivos_margen_lag1/mactivos_margen_delta2/mactivos_margen/mpasivos_margen_delta1/mcuentas_saldo_lag1	0.00236366338772351	0.00274143076659229	0.00399680255795364	60
mrentabilidad_annual_lag1/mpasivos_margen_lag1/mpayroll_sobre_edad_lag2/ccomisiones_mantenimiento_lag2/cpayroll_trx_delta1/mtarjeta_visa_consumo/Master_fechaalta_lag1/mcuentas_saldo_delta1/Master_fechaalta_lag1/mcaja_ahorro_lag2	0.00236304687272336	0.00589351596898503	0.00319744204636291	61
mpasivos_margen_lag1/mcomisiones_delta2/mactivos_margen_lag2	0.00225487807119677	0.00262853311477727	0.00239808153477218	62
mcuentas_saldo	0.00225209801981569	0.00190934921829149	0.00399680255795364	63
canarito158	0.00223014914845648	0.00336409147984691	0.00319744204636291	64
mtarjeta_visa_consumo_lag1	0.00221043307636738	0.000827772477620841	0.000799360511590727	65
canarito112	0.00220476870455452	0.00255355528494592	0.00399680255795364	66
cliente_antiguedad_lag1/ctrx_quarter_delta2/cliente_antiguedad_delta1/cproductos_delta2	0.00215853860668572	0.00531351505546205	0.00239808153477218	67
cproductos	0.00209605339410086	0.00189986926279557	0.00319744204636291	68
mtarjeta_visa_consumo_delta2/ctrx_quarter_lag1	0.0019397085633193	0.0073430873457245	0.00639488409272582	69
canarito119	0.00192506728275179	0.00230276737137209	0.00399680255795364	70
Master_fechaalta	0.00192284531548839	0.00145215681914744	0.00159872102318145	71
mrentabilidad_delta1/mcuenta_corriente_delta2/ctrx_quarter/mrentabilidad_lag2	0.00189722962278901	0.0012599722668211	0.00239808153477218	72
mrentabilidad_annual/cliente_edad_lag2	0.00189534541175677	0.00167407395916552	0.00239808153477218	73
mpasivos_margen_delta1/mrentabilidad_lag1/mrentabilidad_annual_lag1/mcaja_ahorro_delta1/mactivos_margen_lag1	0.00189191782057436	0.00210239558475382	0.00239808153477218	74
mpasivos_margen_lag1/mactivos_margen_delta2/mpasivos_margen_delta2	0.00188265742365854	0.00218771518421708	0.00319744204636291	75
mcaja_ahorro_delta1/mtarjeta_visa_consumo_delta1/chomebanking_transacciones/mrentabilidad_annual/mactivos_margen_delta1/mcuentas_saldo_lag2	0.00188108561796608	0.00524112266803868	0.00479616306954436	76
mrentabilidad_annual/Visa_fechaalta_delta1	0.0018782150227963	0.00222778954154073	0.00319744204636291	77
canarito39	0.00187492613072607	0.00216875527322524	0.00239808153477218	78
canarito82	0.00186539891082792	0.0025897514786576	0.00319744204636291	79
Master_fechaalta_lag1/Visa_mpagominimo_lag1	0.00186240622721484	0.00233163814492784	0.00479616306954436	80
Visa_fechaalta_delta2/mrentabilidad_annual_lag2	0.00185803269440846	0.00135434091471229	0.00239808153477218	81
canarito134	0.00185706715398597	0.00163572323011385	0.00239808153477218	82
mrentabilidad_lag2/mprestamos_personales_delta2/mprestamos_personales	0.00181723602932572	0.00948167912419	0.00319744204636291	83
mpasivos_margen_delta2/mpasivos_margen_delta1/mrentabilidad_lag1	0.00176104533211105	0.00483865546653016	0.00319744204636291	84
mprestamos_personales_delta2/mprestamos_personales	0.00175724494600025	0.00657865820709911	0.00239808153477218	85
canarito201	0.00174516581388637	0.00176628807171673	0.00319744204636291	86
cdescubierto_preacordado/cliente_antiguedad_lag1/ctrx_quarter_delta2	0.00172526869183063	0.00238463971429138	0.00239808153477218	87
canarito164	0.00172486604177359	0.00115914001290998	0.00239808153477218	88
mrentabilidad_annual_delta1/mrentabilidad_annual/ctrx_quarter_delta1/chomebanking_transacciones_lag2/cproductos_lag2/cdescubierto_preacordado/cliente_antiguedad_lag1/cliente_edad_lag2	0.00170278404429099	0.00138967529428798	0.00319744204636291	89
mcuenta_corriente_lag2/mprestamos_personales_delta1/mtarjeta_master_consumo/cliente_edad_lag2	0.00169931325984564	0.00570219323079469	0.00239808153477218	90
mrentabilidad_annual_delta2/mcomisiones_lag2/Master_fechaalta/mactivos_margen_delta1	0.00169706790234159	0.00259750780588154	0.00319744204636291	91
mcuentas_saldo_lag1	0.00167931230729722	0.00104624236109495	0.00159872102318145	92
mcomisiones_lag1/mactivos_margen_lag1/ctrx_quarter_delta2/Visa_fechaalta_delta2/mrentabilidad_annual_lag2/mrentabilidad_lag1/Visa_fechaalta_lag1	0.00167583517295934	0.00283149034380351	0.00319744204636291	93
mcomisiones_lag2/Master_fechaalta/ctarjeta_visa_transacciones_delta2/kmes_lag1	0.00163559304352397	0.00392728701771804	0.00239808153477218	94
canarito141	0.00161207336454601	0.00251951362657421	0.00239808153477218	95
mcuentas_saldo/mrentabilidad_lag2	0.0016051820346915	0.00108373127601063	0.00239808153477218	96
mcuenta_corriente_lag2/Master_fechaalta/cproductos_lag1/mcaja_ahorro_lag1	0.00156732281819812	0.0048455499796181	0.00239808153477218	97
canarito36	0.00156520029905726	0.00120179981264161	0.00239808153477218	98
mactivos_margen_delta1/mcuentas_saldo_lag2	0.00153702308460761	0.0010518441529789	0.00159872102318145	99
canarito156	0.00151940461022914	0.00218986971955706	0.00239808153477218	100
mpasivos_margen_delta1/ctarjeta_visa_transacciones_lag1/mcomisiones_lag2/mcomisiones_delta1/mrentabilidad_lag1/Visa_fechaalta_lag1/mrentabilidad_lag1/ctarjeta_visa_transacciones_lag2/mpasivos_margen_lag2/mrentabilidad_annual	0.0015148194234646	0.00284958844065936	0.00239808153477218	101
canarito170	0.00151014009494138	0.000520104831071502	0.00159872102318145	102
canarito166	0.00150863366840354	0.00238291608601939	0.00319744204636291	103
mrentabilidad_annual_delta1	0.00150091351619518	0.00152885827725078	0.00239808153477218	104
Master_fechaalta_delta2/mpasivos_margen_delta2	0.00148946324099737	0.00544106354758895	0.00319744204636291	105
mactivos_margen_delta2	0.00148899634697797	0.00162193420393797	0.00319744204636291	106
mrentabilidad_annual_lag1/mrentabilidad_lag2/mactivos_margen/Visa_fechaalta_delta2/ctrx_quarter_delta1	0.00148542111173338	0.0010871785325546	0.00239808153477218	107
chomebanking_transacciones/Master_mpagominimo_lag1	0.00148045523956217	0.000714874825805818	0.00159872102318145	108
canarito202	0.00147158078161723	0.00325205564216788	0.00239808153477218	109
mrentabilidad_annual_lag2/mtarjeta_visa_consumo_delta1/kmes_lag2/mrentabilidad_annual_delta2/Visa_mpagominimo_delta1	0.0014471244634199	0.000707980312717877	0.00159872102318145	110
canarito49	0.00143342095037171	0.00121214158227352	0.00239808153477218	111
mcaja_ahorro_lag1/chomebanking_transacciones_delta2/mrentabilidad_lag1/mactivos_margen_delta1/ctrx_quarter_delta1/mpasivos_margen_delta2/mactivos_margen_lag1/ccomisiones_mantenimiento_lag1	0.00142868080986276	0.00260784957551345	0.00159872102318145	112
Visa_fechaalta/mactivos_margen	0.00140557303407881	0.00189814563452358	0.00319744204636291	113
chomebanking_transacciones_lag1/Visa_fechaalta_delta2/Visa_fechaalta	0.00140440189845688	0.00104710417523094	0.00159872102318145	114
canarito11	0.00138838554996432	0.000956613690951727	0.00239808153477218	115
mpasivos_margen_delta1	0.00138466552490608	0.00270695820115259	0.00239808153477218	116
mtarjeta_visa_consumo_delta2/mcuentas_saldo/mrentabilidad_lag2	0.00138331735467553	0.0126117880661149	0.0151878497202238	117
mrentabilidad_annual_lag1/Master_mpagominimo_delta2/kmes/cproductos	0.00137634321919974	0.00262250041582532	0.00159872102318145	118
mcomisiones_lag2/mcomisiones_delta1/mrentabilidad_lag1/Visa_fechaalta_lag1/mrentabilidad_lag1/cdescubierto_preacordado_lag1	0.00136921394776616	0.00120136890557361	0.00159872102318145	119
mcuentas_saldo_lag2/mpasivos_margen_lag2/mactivos_margen_lag1/kmes_delta1	0.00134422005003095	0.00455080954510865	0.00239808153477218	120
canarito98	0.00133375093734921	0.00205671943554621	0.00239808153477218	121
mcomisiones_delta1/mcuenta_corriente_lag2/Master_fechaalta	0.00129668313466451	0.000382645476380691	0.000799360511590727	122
mrentabilidad_lag1/mactivos_margen_delta1/ccomisiones_mantenimiento_lag1/ccomisiones_mantenimiento_delta1/Master_fechaalta_lag2/mcuentas_saldo_delta1/mcomisiones_lag2/mcomisiones_delta1/mrentabilidad_lag1/Visa_fechaalta_lag1	0.0012905410581059	0.000459777841552024	0.000799360511590727	123
Master_fechaalta_lag2	0.00128958337822986	0.00128841213330886	0.00239808153477218	124
canarito198	0.00128182600227508	0.00159220161624623	0.00319744204636291	125
ctarjeta_visa_transacciones_delta2/mrentabilidad	0.001275445746539	0.00182058236228426	0.00159872102318145	126
mrentabilidad_annual/mactivos_margen_delta1/mcuentas_saldo_lag2	0.00121320524013717	0.00256820612525779	0.00239808153477218	127
mtarjeta_visa_consumo_delta2/ctrx_quarter_lag1/Visa_fechaalta_delta1	0.00120625778076603	0.00733964008918053	0.00719424460431655	128
mrentabilidad_annual_delta1/mrentabilidad_annual	0.00120011981287843	0.00213816087139751	0.00239808153477218	129
canarito77	0.00119802315236142	0.000788129027365184	0.00159872102318145	130
mcomisiones_lag1	0.00119478407922681	0.00135520272884828	0.00159872102318145	131
cliente_antiguedad_lag1/cliente_antiguedad_lag2/Master_fechaalta_lag1/cproductos_delta1	0.00116786362821577	0.0004162562276844	0.000799360511590727	132
mprestamos_personales_lag1/mcaja_ahorro_delta2/Master_mpagominimo_delta2	0.00115053109028943	0.000414532599412415	0.000799360511590727	133
mtarjeta_visa_consumo/mactivos_margen_lag2/mactivos_margen_lag1/mpasivos_margen_lag1/mpayroll_lag2/chomebanking_transacciones_lag1/cliente_antiguedad_delta2/mactivos_margen_delta1/ccallcenter_transacciones_delta2	0.00113374682382812	0.00291724085033477	0.00159872102318145	134
mrentabilidad_annual_delta1/ccomisiones_mantenimiento_lag2/mcomisiones_delta1/Visa_mpagominimo_delta2/mcaja_ahorro_delta1/mcuentas_saldo/mrentabilidad_lag2	0.00112969024726256	0.00672818295969382	0.00559552358113509	135
mcaja_ahorro/mpasivos_margen_lag1/mactivos_margen_delta2/mactivos_margen/mpasivos_margen_delta1/mcuentas_saldo_lag1	0.0011231396928866	0.00192658550101134	0.00239808153477218	136
mrentabilidad_annual_delta1/ccomisiones_mantenimiento_lag2/mpasivos_margen_delta1/mrentabilidad_lag1/mrentabilidad_annual_lag1/mcaja_ahorro_delta1	0.00112312081701519	0.00130521750896071	0.00159872102318145	137
mcaja_ahorro_delta1/mrentabilidad_delta1/mpasivos_margen_lag1/mpayroll_sobre_edad_lag2/ccomisiones_mantenimiento_lag2/cliente_edad_lag1	0.0011080201462848	0.00212954273003758	0.00159872102318145	138
mrentabilidad_annual_delta1/mrentabilidad_annual/ctrx_quarter_delta1/cliente_antiguedad_delta2	0.00110073244953044	0.00199639244602674	0.00159872102318145	139
cdescubierto_preacordado_lag2/mcaja_ahorro_lag2	0.00110017126855335	0.000787698120297188	0.00159872102318145	140
canarito152	0.00109916052503879	0.000466672354639964	0.000799360511590727	141
canarito165	0.00109664174459737	0.00275909795638014	0.00239808153477218	142
canarito111	0.00109491527555851	0.00121515793174949	0.00159872102318145	143
ctrx_quarter/mrentabilidad_lag1/Visa_fechaalta_lag1	0.00107163997971575	0.00441205746921384	0.00239808153477218	144
canarito215	0.00106645048786789	0.000991948070527422	0.00159872102318145	145
mrentabilidad_lag1/kmes_lag1/mactivos_margen_delta1/cliente_antiguedad_delta2/mcuentas_saldo_lag1/Master_fechaalta_lag1/Visa_mpagominimo_lag1	0.00106171971929509	0.004740839562095	0.00159872102318145	146
canarito62	0.00106025851564918	0.000771754558781326	0.00159872102318145	147
ccallcenter_transacciones_delta2	0.0010547241629506	0.00434612868781042	0.00159872102318145	148
mtarjeta_visa_consumo_delta2/Master_fechaalta_lag1/mactivos_margen_lag2/mcuentas_saldo_lag1/Master_fechaalta_lag1/Visa_mpagominimo_lag1	0.00104803695567411	0.00153015099845477	0.00239808153477218	149
mprestamos_personales_lag2	0.00103914771466133	0.000929897452735958	0.000799360511590727	150
mcomisiones_lag2/ctarjeta_visa_transacciones_lag2/mpasivos_margen_lag2	0.00103016850223001	0.00031800941618125	0.000799360511590727	151
mrentabilidad_annual_delta2	0.00101783186627031	0.000288707735557503	0.000799360511590727	152
canarito146	0.00101351847885421	0.0041276588043363	0.00239808153477218	153
canarito116	0.00100038807950183	0.000736851086273628	0.00159872102318145	154
Visa_mpagominimo_lag2/mrentabilidad_annual_delta2	0.00100032155195503	0.00387256182008251	0.00159872102318145	155
mactivos_margen/Visa_fechaalta_delta2	0.00099857391026041	0.00138407350240403	0.00159872102318145	156
canarito188	0.000995761458219549	0.0012953066463968	0.00159872102318145	157
ccomisiones_mantenimiento_delta2	0.000986706900701499	0.00131211202204865	0.000799360511590727	158
ctarjeta_visa_transacciones_lag2/mpasivos_margen_lag2/mrentabilidad_annual	0.00097747498919163	0.000691174937066023	0.000799360511590727	159
mrentabilidad_delta1/mcuenta_corriente_delta2/ctrx_quarter/cliente_edad_lag2/chomebanking_transacciones_delta1/mrentabilidad_lag1/Visa_fechaalta_lag1	0.000971563673461017	0.000767445488101363	0.00159872102318145	160
mrentabilidad_lag1/mcaja_ahorro_lag1/Visa_mpagominimo_lag1/mcomisiones_lag1	0.000960397763926034	0.00112380563333428	0.00159872102318145	161
chomebanking_transacciones_lag1	0.000959208399228289	0.00203603589628239	0.00319744204636291	162
canarito89	0.000948510452905422	0.000857074158244588	0.00159872102318145	163
chomebanking_transacciones_delta1/mrentabilidad_lag1/Visa_fechaalta_lag1	0.000938274767433516	0.00235619984780362	0.00159872102318145	164
mcuentas_saldo_delta1/Visa_mpagominimo_lag1/mcuentas_saldo_delta1/mpasivos_margen_lag2/mactivos_margen_lag1/kmes_delta1	0.000934843113496015	0.00109665848805052	0.00239808153477218	165
mcomisiones_lag2	0.000932913450322475	0.00192529277980735	0.00239808153477218	166
ctarjeta_visa_transacciones_lag2/mactivos_margen_lag2/Master_fechaalta_delta2/mtarjeta_visa_consumo_delta1/ctarjeta_visa_transacciones_delta2	0.000927327052412136	0.0018735839316478	0.00159872102318145	167
mcuenta_corriente/mrentabilidad/chomebanking_transacciones_lag1	0.000922761256315501	0.00130564841602871	0.000799360511590727	168
ccomisiones_mantenimiento_delta1	0.000921901361373324	0.00129099757571684	0.000799360511590727	169
mcuentas_saldo/mpasivos_margen/mpayroll_sobre_edad_lag1	0.000912522878061939	0.00163356869477387	0.00239808153477218	170
canarito26	0.000907947842028249	0.00133236465424448	0.00159872102318145	171
mcaja_ahorro_lag2/Visa_fechaalta_delta2/mrentabilidad_annual_lag2	0.000904861816626472	0.000801918053541065	0.00239808153477218	172
canarito74	0.000896987857690452	0.00105960048020284	0.00239808153477218	173
canarito147	0.00089651138713629	0.000599391731582817	0.00159872102318145	174
mrentabilidad_annual_delta1/ccomisiones_mantenimiento_lag2/cliente_antiguedad/mcuentas_saldo_lag2	0.000896193850099433	0.000256820612525779	0.000799360511590727	175
mrentabilidad_lag1/mcuenta_corriente_lag2/Master_fechaalta/Master_fechaalta_delta2/mpasivos_margen_delta2	0.000893916284814788	0.000438663395220206	0.000799360511590727	176
cliente_antiguedad_lag1/cliente_antiguedad_lag2	0.000888363874639219	0.000355929238164922	0.000799360511590727	177
mrentabilidad_annual_lag1/mcaja_ahorro_delta1	0.000881895179505616	0.000349465632144978	0.000799360511590727	178
Visa_mpagominimo_delta1	0.000881174180337857	0.00135434091471229	0.00159872102318145	179
canarito68	0.00088000759236434	0.00333349707801917	0.00159872102318145	180
canarito136	0.000879279973721063	0.00107683676292269	0.00239808153477218	181
mcomisiones/mcomisiones_lag1/mcaja_ahorro_lag1	0.000876177084058737	0.0022200332143168	0.00159872102318145	182
mtarjeta_visa_consumo/mpasivos_margen_delta2/mtarjeta_visa_consumo_lag1/mtarjeta_visa_consumo_lag2/mcomisiones/mcomisiones_delta1/mcuentas_saldo_delta1/Master_fechaalta_lag1	0.00087519332116038	0.000988931721051448	0.00159872102318145	183
mcaja_ahorro_delta1/mcuentas_saldo/mrentabilidad_lag2/mrentabilidad_delta2/mcuentas_saldo_lag2/mpasivos_margen_delta1/Visa_fechaalta_lag1/mactivos_margen_lag2/mactivos_margen_lag1	0.000874368300380632	0.00206490666983814	0.00319744204636291	184
mrentabilidad_annual	0.000872875436750399	0.00104796598936694	0.00159872102318145	185
kmes_lag2/mrentabilidad_annual_delta2	0.000868062571336863	0.00133839735319643	0.00159872102318145	186
canarito108	0.000868027274777312	0.00105701503779486	0.00239808153477218	187
mrentabilidad_delta2/mcomisiones_lag1/mcaja_ahorro_delta1/mrentabilidad_delta1	0.000859687914787154	0.000295602248645444	0.000799360511590727	188
mrentabilidad_lag1/mactivos_margen_delta1/mcuenta_corriente_delta1	0.000859327134844879	0.000938084687027887	0.000799360511590727	189
canarito29	0.000858471120676266	0.0020584430638182	0.00159872102318145	190
canarito144	0.000847047628096004	0.000810105287832994	0.00239808153477218	191
mactivos_margen_delta1/ccallcenter_transacciones_delta2	0.000842720908770717	0.000695914914813982	0.000799360511590727	192
Visa_fechaalta_delta2/mrentabilidad_annual_lag2/ccallcenter_transacciones_delta1/ctrx_quarter	0.000825068537023166	0.004740839562095	0.00159872102318145	193
mactivos_margen	0.000819523756395622	0.000311545810161306	0.000799360511590727	194
mcuentas_saldo_delta1/mcomisiones/mpayroll_lag2/mpayroll_delta2	0.000810719838770149	0.00309477456234924	0.00239808153477218	195
ctrx_quarter_lag1	0.000809165268710423	0.00395400325593381	0.00639488409272582	196
mtarjeta_visa_consumo_delta2/Master_fechaalta_lag1/mactivos_margen_lag2/mcuentas_saldo_lag1/Master_fechaalta_lag1/Visa_mpagominimo_lag1/Visa_mpagominimo_delta2/mcomisiones_lag1/Master_fechaalta_lag1/Visa_mpagominimo_lag1	0.000807726363162467	0.00122894695792537	0.00159872102318145	197
mcomisiones_lag2/Master_fechaalta/mactivos_margen_delta1	0.000804312602417874	0.00445816452548945	0.00159872102318145	198
canarito6	0.000795805369271311	0.00172190464371311	0.00239808153477218	199
canarito210	0.000794190224974085	0.000730387480253684	0.00239808153477218	200
canarito159	0.000784230100824985	0.000265007846817708	0.000799360511590727	201
mrentabilidad_annual_lag2	0.000782919455353436	0.000706256684445892	0.000799360511590727	202
mprestamos_personales_delta1	0.000780682783390215	0.00232862179545186	0.00159872102318145	203
mcuentas_saldo/mactivos_margen_lag2/mactivos_margen_lag1/cproductos_lag1	0.000780088365039544	0.000801918053541065	0.00159872102318145	204
mrentabilidad_delta1/mcaja_ahorro_delta1/mrentabilidad_delta1/mpasivos_margen_lag1/mpayroll_sobre_edad_lag2/ccomisiones_mantenimiento_lag2/cliente_edad_lag1	0.000778721936748001	0.000239153422737932	0.000799360511590727	205
mcuentas_saldo_delta1/Visa_mpagominimo_lag1/mcuentas_saldo_delta1/cliente_antiguedad_lag1/cliente_antiguedad_lag2	0.000778296899643462	0.000263284218545723	0.000799360511590727	206
mpasivos_margen_delta2/mactivos_margen_lag1	0.000776859799033357	0.000618351642574653	0.000799360511590727	207
mrentabilidad_annual_lag1/mpasivos_margen_delta1/kmes_lag2	0.000774238059293315	0.000675231375550161	0.00159872102318145	208
canarito185	0.000770521294612862	0.00103805512680302	0.00239808153477218	209
mrentabilidad_annual_delta1/mrentabilidad_annual/mtarjeta_visa_consumo_lag2/mrentabilidad/chomebanking_transacciones_lag1	0.000768457105874641	0.000699362171357952	0.000799360511590727	210
mcaja_ahorro_lag1/chomebanking_transacciones_delta2	0.000765443513603998	0.000364116472456851	0.000799360511590727	211
canarito148	0.000765374319675365	0.00101995702994718	0.00159872102318145	212
mrentabilidad_annual/cliente_edad_lag2/mcuentas_saldo_delta1/Visa_mpagominimo_lag1/mcuentas_saldo_delta1/mpasivos_margen_lag2/mactivos_margen_lag1/kmes_delta1/mcuentas_saldo/mrentabilidad_lag2	0.000763312308922307	0.000534755671383376	0.000799360511590727	213
mactivos_margen_lag1/ctrx_quarter_delta2/cliente_edad/mtarjeta_visa_consumo_delta2/mactivos_margen_lag1/mtarjeta_visa_consumo_delta1/chomebanking_transacciones/Visa_mpagominimo/chomebanking_transacciones_delta1/kmes_delta1	0.000762001029855074	0.00462190921132803	0.00159872102318145	214
canarito1	0.000757857129284379	0.000905335749860171	0.00159872102318145	215
cproductos_lag1/mrentabilidad_annual	0.000752440783781903	0.0011328546817622	0.00159872102318145	216
ctrx_quarter_delta1/mrentabilidad_delta1/mcaja_ahorro_delta1/mrentabilidad_delta1/mpasivos_margen_lag1/mpayroll_sobre_edad_lag2/ccomisiones_mantenimiento_lag2/cliente_edad_lag1/cliente_edad/mtarjeta_visa_consumo_delta2/cproductos	0.000745841092740677	0.00212954273003758	0.00159872102318145	217
canarito94	0.000743857014256725	0.000608009872942742	0.00159872102318145	218
kmes_lag2/mrentabilidad_annual_delta2/Visa_mpagominimo_delta1/ctarjeta_visa_transacciones_delta2/ctrx_quarter	0.000742147203504391	0.000652393300946358	0.00159872102318145	219
ctarjeta_visa_transacciones_lag2/mcuenta_corriente/ctrx_quarter_delta2/Master_mpagominimo_delta2/mrentabilidad_annual_lag1/mrentabilidad_lag2	0.000739032763920746	0.000362392844184866	0.000799360511590727	220
mcomisiones_lag1/mactivos_margen_lag1/ctrx_quarter_delta2/Visa_fechaalta_delta2/mrentabilidad_annual_lag2/mrentabilidad_lag1/Visa_fechaalta_lag1/mtarjeta_visa_consumo_delta2/Master_fechaalta_lag1	0.000738771379301365	0.000492526778719741	0.00159872102318145	221
cdescubierto_preacordado	0.000736748176283938	0.00106132410847482	0.000799360511590727	222
mpasivos_margen_lag2/cliente_antiguedad_lag1/ctrx_quarter_delta2	0.000730763271054636	0.0013297792118365	0.00159872102318145	223
cproductos_lag1/cdescubierto_preacordado/mpasivos_margen/Master_fechaalta_lag2/Master_fechaalta_lag1/mcaja_ahorro_lag2/mtarjeta_visa_consumo_delta2/Master_fechaalta_lag1/mactivos_margen_lag2/mcaja_ahorro	0.000727701644311216	0.000315854880841269	0.000799360511590727	224
ccomisiones_mantenimiento_delta2/cliente_antiguedad_lag1	0.00071973243619949	0.00112725288987825	0.000799360511590727	225
mcomisiones/mcomisiones_delta1/mcuentas_saldo_delta1/Master_fechaalta_lag1/mrentabilidad_delta2/mrentabilidad_annual_delta1/mrentabilidad_annual	0.000717129730729782	0.0014918002694031	0.000799360511590727	226
chomebanking_transacciones_delta1	0.000713675749859179	0.00128496487676489	0.00159872102318145	227
mrentabilidad_annual_delta1/mrentabilidad_annual/kmes_delta1	0.000713440435062203	0.00156333084269048	0.00159872102318145	228
mtarjeta_master_consumo_lag2	0.000701373607327004	0.0010983821163225	0.00159872102318145	229
canarito180	0.000698259614477816	0.000887237653004327	0.00159872102318145	230
mcuentas_saldo/mactivos_margen_lag2/mactivos_margen_lag1	0.000686275468916865	0.000366701914864829	0.000799360511590727	231
mtarjeta_visa_consumo_delta1	0.000684288776850717	0.00143966051417555	0.000799360511590727	232
canarito171	0.000678456436182106	0.00128927394744485	0.00319744204636291	233
mrentabilidad_annual/Visa_fechaalta_delta1/mcomisiones/mcomisiones_delta1	0.000676174686525965	0.000645067880790422	0.000799360511590727	234
mcomisiones/mcomisiones_lag1/mcomisiones_lag2/mcomisiones_delta1/mrentabilidad_lag1/Visa_fechaalta_lag1/mrentabilidad_lag1/mpasivos_margen_lag2/mactivos_margen_lag1/kmes_delta1	0.000674241110897974	0.000318440323249246	0.000799360511590727	235
mrentabilidad_annual/Visa_fechaalta_delta1/mpasivos_margen_lag1/mactivos_margen_delta2/mpasivos_margen_lag2	0.000667721622510388	0.00141596062543575	0.000799360511590727	236
chomebanking_transacciones_delta1/kmes_delta1	0.000666921496761048	0.00168613935706942	0.00239808153477218	237
canarito47	0.000661148067291119	0.000589911776086898	0.000799360511590727	238
mcaja_ahorro	0.000660889803371292	0.00158013621834233	0.00239808153477218	239
canarito60	0.000659726172977425	0.000951442806135772	0.00159872102318145	240
mrentabilidad_lag1/mactivos_margen_delta1/cpayroll_trx_lag2/mpayroll_sobre_edad	0.000657269247314628	0.0014564658898274	0.000799360511590727	241
mcuentas_saldo/mrentabilidad_lag2/mcuenta_corriente_lag1/mactivos_margen_delta1/mcuentas_saldo_lag2/mactivos_margen/Visa_fechaalta_lag1	0.000655826233144808	0.00103934784800701	0.000799360511590727	242
Master_fechaalta/mcuentas_saldo_delta1/Visa_mpagominimo_lag1/mcuentas_saldo_delta1/mpasivos_margen_lag2/mactivos_margen_lag1/kmes_delta1	0.000653602629092564	0.000954890062679742	0.00159872102318145	243
canarito186	0.000652901383869625	0.00105442959538688	0.00239808153477218	244
mcuentas_saldo_lag1/Master_fechaalta_lag1/Visa_mpagominimo_lag1	0.000652217991919186	0.00259449145640556	0.00639488409272582	245
mpasivos_margen_delta2/cdescubierto_preacordado_lag2/mactivos_margen_delta2	0.000649200756079244	0.000741591064021587	0.00159872102318145	246
mactivos_margen_delta2/mactivos_margen_lag2/mactivos_margen_lag1/cliente_antiguedad_delta2	0.000642291731745275	0.000911368448812119	0.00159872102318145	247
mpasivos_margen_delta1/ctarjeta_visa_transacciones_lag1/mcomisiones_lag2/mcomisiones_delta1/mrentabilidad_lag1/Visa_fechaalta_lag1/mrentabilidad_lag1	0.000637131807695991	0.00144483139899151	0.00159872102318145	248
canarito57	0.000633973702809805	0.000523121180547476	0.00159872102318145	249
mcomisiones_lag2/mcomisiones_delta1/mrentabilidad_lag1/Visa_fechaalta_lag1/mrentabilidad_lag1	0.00063082074588855	0.000988069906915455	0.000799360511590727	250
canarito133	0.000626592801490383	0.00123153240033335	0.00159872102318145	251
mcomisiones_lag2/mcomisiones_delta1/mrentabilidad_lag1/Visa_fechaalta_lag1	0.000626356430700601	0.00126772859404504	0.000799360511590727	252
Master_fechaalta_lag2/mcuentas_saldo_delta1/mcomisiones_lag2/mcomisiones_delta1/mrentabilidad_lag1/Visa_fechaalta_lag1	0.000625787276977821	0.000504592176623636	0.00159872102318145	253
mrentabilidad_annual_delta1/mrentabilidad_annual/ctrx_quarter_delta1	0.000623822311963663	0.00058861905488291	0.000799360511590727	254
mactivos_margen_delta1/mcuentas_saldo_lag2/mactivos_margen/Visa_fechaalta_lag1	0.000617926123330001	0.00137717898931609	0.00159872102318145	255
mcaja_ahorro_delta1/mcuentas_saldo/mrentabilidad_lag2	0.000616766590429034	0.000573968214571036	0.000799360511590727	256
canarito16	0.000614686706997729	0.000355498331096926	0.000799360511590727	257
canarito12	0.000612863218619796	0.000587757240746917	0.000799360511590727	258
canarito174	0.000607905385193819	0.000347742003872993	0.000799360511590727	259
mpayroll_sobre_edad/mactivos_margen_delta2/mpayroll_lag2/mcuentas_saldo_delta1	0.000607771960502742	0.00173698639109298	0.000799360511590727	260
mcomisiones_lag2/mcomisiones_delta1/Master_fechaalta_delta2/mpasivos_margen_delta2/mrentabilidad_annual_lag1/mpasivos_margen_delta1/kmes_lag2	0.000602211260783643	0.00061059531535072	0.000799360511590727	261
mrentabilidad_delta2/mcomisiones_lag1/mcuenta_corriente_lag1/mcuentas_saldo_delta1/mactivos_margen	0.00060194963856588	0.000281382315401567	0.000799360511590727	262
mpasivos_margen_delta1/mrentabilidad_lag1/mrentabilidad_annual_lag1/mcaja_ahorro_delta1	0.000595998802304491	0.000469688704115938	0.000799360511590727	263
mrentabilidad_delta1/mcuenta_corriente_delta2/ctrx_quarter/cliente_edad_lag2	0.000595409749717268	0.000788559934433181	0.00239808153477218	264
cliente_antiguedad_lag1/ctrx_quarter_delta2	0.000594370144599322	0.000488648615107774	0.00159872102318145	265
cdescubierto_preacordado_lag2/mcuentas_saldo_lag2/cliente_edad/mtarjeta_visa_consumo_delta2	0.00058852765319986	0.000679540446230123	0.000799360511590727	266
kmes/cproductos/ccallcenter_transacciones_delta1/ctrx_quarter/mrentabilidad_annual_lag1/mrentabilidad_lag2	0.000586468889624682	0.00103202242785108	0.000799360511590727	267
mrentabilidad_annual_lag1/mrentabilidad_lag2/mactivos_margen/Visa_fechaalta_delta2/mpasivos_margen_delta1/kmes_lag2	0.000583676950244083	0.00179041886752452	0.000799360511590727	268
Visa_mpagominimo	0.00058113741568662	0.00977728137283544	0.0119904076738609	269
mactivos_margen_delta1	0.000577840266805056	0.000480461380815845	0.000799360511590727	270
mrentabilidad_lag1/Visa_fechaalta_lag1	0.000574109497020009	0.000415394413548408	0.000799360511590727	271
kmes_lag1/mcaja_ahorro_lag2	0.000571641641831667	0.000388678175332639	0.000799360511590727	272
mcomisiones_delta2	0.000570807301915403	0.000252511541845816	0.000799360511590727	273
mtarjeta_visa_consumo/kmes_lag1	0.000568914434810095	0.000258113333729768	0.000799360511590727	274
canarito18	0.00056193648714565	0.000289569549693496	0.000799360511590727	275
mrentabilidad_annual_lag2/ccomisiones_mantenimiento_lag1/ccomisiones_mantenimiento_delta1	0.000560042352848975	0.00108286946187464	0.000799360511590727	276
mactivos_margen_lag1/kmes_delta1/Visa_mpagominimo_lag2/mactivos_margen_delta1/ccallcenter_transacciones_delta2	0.000559955761438858	0.000241307958077913	0.000799360511590727	277
ctrx_quarter_delta1	0.000557250043870894	0.00148835301285913	0.000799360511590727	278
cdescubierto_preacordado_lag2/mcaja_ahorro_delta1	0.00054488362891406	0.000260698776137745	0.000799360511590727	279
mpasivos_margen_delta2/mtarjeta_visa_consumo_lag1/mcuentas_saldo_delta2	0.000533579859518214	0.000482615916155826	0.000799360511590727	280
mrentabilidad_lag1/mactivos_margen_delta1/mcuentas_saldo_lag2	0.00053198219520191	0.00133365737544847	0.000799360511590727	281
mcaja_ahorro_delta1/mrentabilidad_delta1	0.00052250077899173	0.000791576283909155	0.00159872102318145	282
mtarjeta_visa_consumo_delta1/kmes_lag2/mrentabilidad_annual_delta2/Visa_mpagominimo_delta1	0.000522163851286967	0.0012604031738891	0.00159872102318145	283
canarito197	0.000520817222860542	0.000611026222418716	0.00159872102318145	284
mrentabilidad_annual_delta1/mrentabilidad_annual/ctrx_quarter_delta1/cliente_antiguedad_delta2/mrentabilidad_delta2/Visa_mpagominimo_delta2/mcomisiones_lag1/mrentabilidad_annual_delta1/mrentabilidad_annual/mtarjeta_visa_consumo_lag2/mcuentas_saldo/mrentabilidad_lag2/mcomisiones_delta2/Visa_fechaalta_lag2/Master_fechaalta_lag1/mcaja_ahorro_lag2	0.00051931867666902	0.000297756783985425	0.000799360511590727	285
mactivos_margen_lag1/kmes_delta1/Visa_mpagominimo_lag1/mcomisiones_lag1	0.000517854965040196	0.000238291608601939	0.000799360511590727	286
mrentabilidad_delta2_-_mpayroll_sobre_edad_lag1	0.000515511735152875	0.000588188147814913	0.00159872102318145	287
kmes/cproductos	0.000515031979471093	0.000703240334969918	0.000799360511590727	288
mrentabilidad_annual_delta1/ccomisiones_mantenimiento_lag2	0.000508766562952704	0.000286122293149526	0.000799360511590727	289
mcuentas_saldo_lag1/mtarjeta_visa_consumo_delta1/mcaja_ahorro_delta1/mrentabilidad_delta1/kmes_lag1/mactivos_margen_delta1/cliente_antiguedad_delta2	0.000505162895101807	0.00223683858996866	0.00239808153477218	290
cliente_edad	0.000503635229908651	0.00046365600516399	0.000799360511590727	291
canarito72	0.000503019797301134	0.000230966188446003	0.000799360511590727	292
mrentabilidad_annual_delta1/mrentabilidad_annual/mtarjeta_visa_consumo_lag2	0.000501715276587861	0.000568797329755081	0.000799360511590727	293
mactivos_margen_delta1/mcuentas_saldo_lag2/mcomisiones_lag2/mcomisiones_delta1/Visa_mpagominimo_lag2	0.000500794820458243	0.000410654435800449	0.000799360511590727	294
Visa_fechaalta_delta2/mrentabilidad_annual_lag2/mrentabilidad_lag1/Visa_fechaalta_lag1	0.000496085777459376	0.00461803104771606	0.00479616306954436	295
mcuenta_corriente_delta1/Master_mpagominimo_lag1	0.000494397616037627	0.000679540446230123	0.00239808153477218	296
mpasivos_margen_lag1/mactivos_margen_delta2/mpasivos_margen_lag2	0.000491148220573336	0.000232258909649991	0.000799360511590727	297
canarito20	0.000490098616523506	0.000750640112449509	0.000799360511590727	298
canarito130	0.00049006086478068	0.00033998567664906	0.000799360511590727	299
mrentabilidad_annual/mactivos_margen_delta1/mcuentas_saldo_lag2/cproductos	0.000488763577618131	0.000630417040478548	0.000799360511590727	300
canarito32	0.000482594678842239	0.000391263617740616	0.000799360511590727	301
cliente_edad/mtarjeta_visa_consumo_delta2/mactivos_margen_lag1	0.000481680660246891	0.0009828990220995	0.00159872102318145	302
canarito124	0.000481393322026187	0.000813121637308968	0.00159872102318145	303
canarito191	0.000480146201121892	0.000392987246012601	0.000799360511590727	304
canarito67	0.000479880090934703	0.000402036294440523	0.000799360511590727	305
ctarjeta_visa_transacciones_lag2/mcuenta_corriente/ctrx_quarter_delta2	0.000473260151231416	0.00132029925634058	0.00159872102318145	306
mtarjeta_visa_consumo_delta2/mcuenta_corriente_lag2/cproductos_lag1/Visa_fechaalta_delta2	0.000470462483089844	0.00030292766880138	0.000799360511590727	307
cliente_antiguedad/mcuentas_saldo_lag1	0.000470211209601583	0.000523552087615472	0.000799360511590727	308
canarito43	0.000469702749065345	0.000364547379524847	0.000799360511590727	309
mrentabilidad_delta2/mcuentas_saldo_lag2/mpasivos_margen_delta1/mcomisiones_lag2/Master_fechaalta/cliente_antiguedad_delta1	0.00046871761337634	0.000319733044453235	0.000799360511590727	310
mpasivos_margen_delta2/mactivos_margen_lag1/cliente_antiguedad_lag1/cliente_antiguedad_lag2/mprestamos_personales_lag1/mcaja_ahorro_delta2/mcuentas_saldo_delta1/mcomisiones	0.000467725244136612	0.000236137073261958	0.000799360511590727	311
mcuenta_corriente/ctrx_quarter_lag2/mpayroll_sobre_edad_lag1/kmes	0.000467443003659306	0.000933344709279928	0.00159872102318145	312
mrentabilidad_delta2/mcomisiones_lag1/mcuenta_corriente_lag1/mcuentas_saldo_delta1	0.000466933777528284	0.000622660713254615	0.000799360511590727	313
mcuentas_saldo_lag1/mtarjeta_visa_consumo_delta1/ccomisiones_mantenimiento_lag2/ccomisiones_mantenimiento_lag2	0.000465345353149035	0.00121645065295348	0.000799360511590727	314
mpasivos_margen_delta2/mtarjeta_visa_consumo_lag1/mpasivos_margen_delta2/mactivos_margen_lag1	0.000460116116371927	0.000779941793073255	0.00159872102318145	315
kmes_lag1/mactivos_margen_delta1/cliente_antiguedad_delta2/mcuentas_saldo_lag1/Master_fechaalta_lag1/Visa_mpagominimo_lag1	0.000459284271238667	0.000282244129537559	0.000799360511590727	316
canarito17	0.000458406582817704	0.0003585146805729	0.000799360511590727	317
mcuenta_corriente_lag2/mactivos_margen_lag2/mactivos_margen_lag1/mrentabilidad_annual/Visa_fechaalta_delta1/cproductos_lag1/cdescubierto_preacordado/mpasivos_margen_delta1/mrentabilidad_lag1/mrentabilidad_annual_lag1/mcaja_ahorro_delta1/mactivos_margen_lag1	0.000457750019290382	0.000483908637359815	0.000799360511590727	318
canarito115	0.000457105863678534	0.000483477730291819	0.000799360511590727	319
mcomisiones_delta2/mactivos_margen_lag2/mcuentas_saldo_delta2	0.000452606964726179	0.000304220390005369	0.000799360511590727	320
mcaja_ahorro_delta1/mrentabilidad_delta1/mrentabilidad_annual/Visa_fechaalta_delta1/mpasivos_margen_delta1/mrentabilidad_lag1	0.000448946418462751	0.000420996205432359	0.000799360511590727	321
mpasivos_margen/mtarjeta_visa_consumo/kmes_lag1	0.000448673444322321	0.00030637492534535	0.000799360511590727	322
cliente_edad_lag1	0.000446814738584297	0.000293447713305462	0.000799360511590727	323
mpasivos_margen_delta1/mrentabilidad_lag1	0.000446800746679614	0.000299049505189414	0.000799360511590727	324
chomebanking_transacciones_lag2/cproductos_lag2/cdescubierto_preacordado/cliente_antiguedad_lag1/cliente_edad_lag2	0.000445100845259457	0.00223382224049268	0.00319744204636291	325
mtarjeta_visa_consumo/mpasivos_margen_delta2/mtarjeta_visa_consumo_lag1/mtarjeta_visa_consumo_lag2	0.000440878422223995	0.00167881393691348	0.000799360511590727	326
mcuentas_saldo/mrentabilidad_lag2/mcomisiones_delta2	0.000440352617005914	0.00078511267788921	0.000799360511590727	327
mcuentas_saldo/mrentabilidad_lag2/mcomisiones_delta2/Visa_fechaalta_lag2/Master_fechaalta_lag1/mcaja_ahorro_lag2	0.000438043121138787	0.000508039433167606	0.00159872102318145	328
canarito99	0.000437488025320241	0.000459777841552024	0.000799360511590727	329
canarito22	0.000436357215423606	0.000358945587640896	0.000799360511590727	330
Visa_fechaalta_lag1	0.000435112094305688	0.000293447713305462	0.000799360511590727	331
canarito199	0.000434360385826517	0.000461932376892005	0.000799360511590727	332
canarito44	0.000434024580114111	0.00025552789132179	0.000799360511590727	333
canarito145	0.000432051167157503	0.000251218820641827	0.000799360511590727	334
cproductos_lag1	0.000430848945747341	0.00106046229433883	0.000799360511590727	335
mtarjeta_visa_consumo_delta2/Master_fechaalta_lag1	0.000430361694252526	0.00254666077185798	0.00239808153477218	336
mpasivos_margen/Master_fechaalta_lag2/Master_fechaalta_lag1/mcaja_ahorro_lag2/mtarjeta_visa_consumo_delta2/Master_fechaalta_lag1/mactivos_margen_lag2/mcaja_ahorro	0.000430097078869249	0.000293878620373459	0.000799360511590727	337
Visa_mpagominimo_lag1/ccomisiones_mantenimiento_lag1/mactivos_margen_lag1/kmes_delta1/ctarjeta_visa_transacciones	0.000426387244141588	0.000555439210647197	0.000799360511590727	338
canarito61	0.000423507314160403	0.000761412789149415	0.000799360511590727	339
Master_fechaalta_delta2/mactivos_margen_delta2/cdescubierto_preacordado_lag2/mcaja_ahorro_delta1	0.000419121908034906	0.00034343293319303	0.000799360511590727	340
mcuentas_saldo_delta1/mcomisiones	0.000418910339876162	0.000262853311477727	0.000799360511590727	341
kmes_delta2/mpasivos_margen_lag1/mactivos_margen_delta2/mactivos_margen	0.000418673401490247	0.000821308871600897	0.000799360511590727	342
canarito176	0.000417167555748451	0.000335245698901101	0.000799360511590727	343
canarito125	0.00041663834495357	0.00196493623006301	0.000799360511590727	344
canarito169	0.000414142717154421	0.000291293177965481	0.000799360511590727	345
canarito91	0.000411573724255055	0.000585602705406936	0.000799360511590727	346
cliente_edad/mtarjeta_visa_consumo_delta2/mactivos_margen_lag1/Master_fechaalta	0.000411399604241205	0.000773909094121307	0.00159872102318145	347
canarito15	0.000409764570979467	0.000537772020859349	0.000799360511590727	348
mpasivos_margen_lag1/mpayroll_sobre_edad_lag2/ccomisiones_mantenimiento_lag2/mrentabilidad_annual_delta1/mrentabilidad_annual/ctrx_quarter_delta1/mcomisiones_lag2/mcomisiones_delta1/mrentabilidad_lag1/Visa_fechaalta_lag1/mrentabilidad_lag1/mcuentas_saldo/mrentabilidad_lag2/mcomisiones_delta2/Visa_fechaalta_lag2/Master_fechaalta_lag1/mcaja_ahorro_lag2	0.000408283092271677	0.000473566867727905	0.000799360511590727	349
canarito204	0.000405377369666199	0.000281382315401567	0.000799360511590727	350
mcuentas_saldo_delta1/Master_fechaalta_lag1/mpayroll	0.000399560697290851	0.00127979399194893	0.000799360511590727	351
Visa_mpagominimo/mtarjeta_visa_consumo_delta1/mpasivos_margen/Master_fechaalta_lag2/Master_fechaalta_lag1/mcaja_ahorro_lag2/mtarjeta_visa_consumo_delta2/Master_fechaalta_lag1/mactivos_margen_lag2	0.000397756687030228	0.000782527235481233	0.00159872102318145	352
canarito118	0.000397654471876544	0.00108459309014662	0.000799360511590727	353
canarito117	0.000395907331778507	0.000330936628221138	0.000799360511590727	354
mcomisiones/mcomisiones_lag1/mpasivos_margen_lag1/mpayroll_sobre_edad_lag2/ccomisiones_mantenimiento_lag2/mpasivos_margen/Master_fechaalta_lag2/Master_fechaalta_lag1/mcaja_ahorro_lag2	0.000395743600093889	0.00106477136501879	0.000799360511590727	355
mpasivos_margen_lag1/mcaja_ahorro_delta2	0.000393998519181824	0.000229242560174018	0.000799360511590727	356
mrentabilidad_annual/Visa_fechaalta_delta1/cproductos_lag1/cdescubierto_preacordado/mtarjeta_visa_consumo_delta2/ctrx_quarter_lag1	0.000392013469008574	0.000824325221076871	0.00159872102318145	357
mcomisiones_lag2/mcomisiones_delta1/mrentabilidad_lag1/Visa_fechaalta_lag1/mrentabilidad_lag1/mpasivos_margen_lag2/mactivos_margen_lag1/kmes_delta1	0.000389803297360743	0.000254235170117801	0.000799360511590727	358
mrentabilidad_annual_lag1/Master_mpagominimo_delta2	0.000387911961445004	0.00141639153250375	0.000799360511590727	359
mactivos_margen_lag1/kmes_delta1/mcuentas_saldo_lag2/mpasivos_margen_lag2/mactivos_margen_lag1/kmes_delta1	0.000385335682195274	0.000897579422636238	0.000799360511590727	360
canarito5	0.000385149906660824	0.000396434502556572	0.000799360511590727	361
mpasivos_margen_lag2/cproductos_delta2	0.000383418131258119	0.0023704197810475	0.000799360511590727	362
mpayroll_lag2/chomebanking_transacciones_lag1	0.000381412721719479	0.00103503877732705	0.000799360511590727	363
Visa_mpagominimo/chomebanking_transacciones_delta1/kmes_delta1/mrentabilidad_lag1/mactivos_margen_delta1	0.000380476267298845	0.000397296316692564	0.000799360511590727	364
ctrx_quarter_lag2	0.00037789994401504	0.000538202927927346	0.00159872102318145	365
canarito31	0.000373437679247498	0.00107080406397074	0.000799360511590727	366
canarito93	0.000372870901508532	0.000312407624297298	0.000799360511590727	367
mcuentas_saldo_lag2	0.000369501650860725	0.000246047935825872	0.000799360511590727	368
cdescubierto_preacordado/cliente_antiguedad_lag1/cliente_edad_lag2	0.00036894002108669	0.00174301909004493	0.000799360511590727	369
mtarjeta_visa_consumo_delta2/mcuenta_corriente_lag2/cproductos_lag1/mrentabilidad_lag1/cdescubierto_preacordado_lag1/mcomisiones/mcomisiones_lag1/Visa_fechaalta	0.00036734808553136	0.000292154992101473	0.000799360511590727	370
canarito163	0.000363232221569673	0.000589911776086898	0.000799360511590727	371
Visa_mpagominimo_lag2/cdescubierto_preacordado_lag1	0.000362640189159145	0.00107166587810673	0.00239808153477218	372
mrentabilidad/chomebanking_transacciones_lag1	0.000358007400162486	0.000686004052250067	0.00159872102318145	373
mactivos_margen_lag1/ctrx_quarter_delta2/Visa_fechaalta_delta2/mrentabilidad_annual_lag2/mrentabilidad_lag1/Visa_fechaalta_lag1/mpasivos_margen_lag1/mactivos_margen_delta2/mcaja_ahorro_delta1/mrentabilidad_delta1/Visa_mpagominimo_lag1/ccomisiones_mantenimiento_lag1/Master_fechaalta	0.000353119427260601	0.000311976717229302	0.000799360511590727	374
mcomisiones_delta2/mactivos_margen_lag2	0.000350285564965592	0.000474859588931893	0.000799360511590727	375
kmes_delta2/ctrx_quarter	0.000349419408316072	0.000935930151687906	0.00239808153477218	376
mactivos_margen_lag1/cproductos_lag1/Master_fechaalta_lag1/mcaja_ahorro_lag2	0.000349323080322283	0.000247771564097857	0.000799360511590727	377
mcomisiones/mcomisiones_lag1/mcuenta_corriente_lag2/mactivos_margen_lag2/mactivos_margen_lag1/mactivos_margen_lag1/kmes_delta1	0.000342171923437783	0.000232258909649991	0.000799360511590727	378
mcomisiones_delta1/Visa_mpagominimo_delta2	0.000340655422068576	0.000616628014302667	0.00159872102318145	379
mtarjeta_visa_consumo/mactivos_margen_lag1/kmes_delta1/Visa_mpagominimo_lag2/mcaja_ahorro_lag2/mcomisiones/mcomisiones_delta1/mrentabilidad_annual/Visa_fechaalta_delta1/mcomisiones/mcomisiones_delta1	0.000340457651115842	0.000506315804895621	0.000799360511590727	380
canarito51	0.000338417446614235	0.000327058464609172	0.000799360511590727	381
cpayroll_trx_delta1/mtarjeta_visa_consumo	0.000337903310116663	0.00110053665166248	0.000799360511590727	382
mrentabilidad	0.000334305305027189	0.00043478523160824	0.000799360511590727	383
mprestamos_personales/cliente_antiguedad_lag1/ctrx_quarter_delta2	0.000322777110760182	0.0023704197810475	0.000799360511590727	384
ctarjeta_visa_transacciones_delta2/mpasivos_margen_delta2/mtarjeta_visa_consumo_lag1/mtarjeta_visa_consumo_lag2	0.000322736666235701	0.000480461380815845	0.000799360511590727	385
canarito35	0.000321619637045188	0.000564919166143115	0.000799360511590727	386
mcuentas_saldo_delta1/mcomisiones_lag2/mcomisiones_delta1/mrentabilidad_lag1/Visa_fechaalta_lag1	0.0003197802295757	0.000587326333678921	0.000799360511590727	387
canarito63	0.00031810624337932	0.000400312666168538	0.000799360511590727	388
canarito200	0.000314248728057696	0.000642482438382444	0.000799360511590727	389
mcaja_ahorro/mcomisiones_delta2/mcomisiones_delta1/mrentabilidad_delta2/mcuentas_saldo_lag2/mpasivos_margen_delta1/Visa_fechaalta_lag1	0.000310142975227129	0.000298618598121418	0.000799360511590727	390
mcuentas_saldo_lag2/mpasivos_margen_delta1	0.000310054562229421	0.000288276828489507	0.000799360511590727	391
canarito211	0.000308548030092301	0.000243893400485891	0.000799360511590727	392
mactivos_margen_delta1/mcuentas_saldo_lag2/mactivos_margen	0.00030763224673085	0.000362823751252862	0.000799360511590727	393
mpasivos_margen_delta2/mactivos_margen_lag1/cliente_antiguedad_lag1/cliente_antiguedad_lag2/mprestamos_personales_lag1/mcaja_ahorro_delta2	0.000298281958427394	0.000534755671383376	0.000799360511590727	394
mcuenta_corriente_lag2/mactivos_margen_lag2/mactivos_margen_lag1	0.000296108223635428	0.00093205198807594	0.000799360511590727	395
Visa_mpagominimo/kmes_lag2	0.000293734589405229	0.000314131252569283	0.000799360511590727	396
mpasivos_margen_lag1/mactivos_margen_delta2/mactivos_margen	0.000287338361777959	0.000363685565388855	0.000799360511590727	397
canarito184	0.000283545526015721	0.000229242560174018	0.000799360511590727	398
ctrx_quarter_delta2	0.000280342541435267	0.000333522070629116	0.000799360511590727	399
mrentabilidad_lag1/mcaja_ahorro_lag1	0.000278301571338875	0.000267593289225686	0.000799360511590727	400
mcomisiones_lag2/Master_fechaalta/ctarjeta_visa_transacciones_delta2/cliente_edad	0.000278240983751613	0.000379629126904717	0.000799360511590727	401
mpasivos_margen_delta2/mtarjeta_visa_consumo_lag1	0.000276360022965197	0.000226226210698044	0.000799360511590727	402
canarito48	0.000274568425570014	0.000229242560174018	0.000799360511590727	403
canarito131	0.000272351764670472	0.000250357006505835	0.000799360511590727	404
mpasivos_margen_delta2/mtarjeta_visa_consumo_lag1/mcuentas_saldo_delta2/mpasivos_margen_delta2	0.000270479040627945	0.000230535281378006	0.000799360511590727	405
mpasivos_margen_delta2/mactivos_margen_lag1/cliente_antiguedad_lag1/cliente_antiguedad_lag2/mrentabilidad_annual/mactivos_margen_delta1/mcuentas_saldo_lag2	0.000270256727742397	0.000333091163561119	0.000799360511590727	406
Visa_mpagominimo_delta2/mcomisiones_lag1/mcuenta_corriente/ctrx_quarter_lag2/mrentabilidad_annual_lag1/mpasivos_margen_lag1/mpayroll_sobre_edad_lag2/ccomisiones_mantenimiento_lag2	0.00026754213983486	0.00106477136501879	0.000799360511590727	407
cliente_edad_lag2	0.00026632538037303	0.00725776774626124	0.00959232613908873	408
mpayroll_sobre_edad_lag2	0.000265336989256907	0.00103159152078308	0.000799360511590727	409
mcaja_ahorro_delta2	0.000263337810075825	0.000363685565388855	0.000799360511590727	410
canarito88	0.000262085798604845	0.00028095140833357	0.000799360511590727	411
mcomisiones_delta2/mprestamos_personales_delta1	0.000258853035027253	0.000251218820641827	0.000799360511590727	412
mrentabilidad_annual_delta1/mrentabilidad_annual/ctrx_quarter_delta1/cliente_antiguedad_delta2/mrentabilidad_delta2/Visa_mpagominimo_delta2/mcomisiones_lag1/mrentabilidad_annual_delta1/mrentabilidad_annual/mtarjeta_visa_consumo_lag2	0.000258617758180019	0.000696345821881978	0.00159872102318145	413
mactivos_margen_lag1/ctrx_quarter_delta2/Visa_fechaalta_delta2/mrentabilidad_annual_lag2/mrentabilidad_lag1/Visa_fechaalta_lag1	0.000257217249370642	0.000303789482937373	0.000799360511590727	414
canarito168	0.000255100960587339	0.000440387023492192	0.000799360511590727	415
canarito100	0.00024843352760759	0.00031111490309331	0.000799360511590727	416
mtarjeta_visa_consumo/mpasivos_margen_lag2	0.00024778007366133	0.000742021971089583	0.00159872102318145	417
canarito25	0.000240228911474523	0.00184083499448008	0.00239808153477218	418
ctarjeta_visa_transacciones_lag2/mtarjeta_visa_consumo_delta1/chomebanking_transacciones	0.000229367419090773	0.000470119611183934	0.000799360511590727	419
mcomisiones_lag2/mcomisiones_delta1/mcomisiones_delta1	0.000207027165278267	0.000433492510404251	0.000799360511590727	420
mcuenta_corriente/mrentabilidad/chomebanking_transacciones_lag1/ctarjeta_visa_transacciones_lag2/mpasivos_margen_lag2	0.000205894190596378	0.00086612320667251	0.000799360511590727	421
cproductos_lag2	0.000201642968156788	0.00119878346316563	0.00159872102318145	422
canarito75	0.00018914801907556	0.000298618598121418	0.000799360511590727	423
mcomisiones_delta1/mtarjeta_visa_consumo_delta2/ctrx_quarter_lag1	0.000187793787500931	0.000224502582426059	0.000799360511590727	424
canarito70	0.000185280590621467	0.000270178731633663	0.000799360511590727	425
mpasivos_margen/mrentabilidad_annual/Master_fechaalta_delta2	0.000181555443998114	0.000333522070629116	0.000799360511590727	426
canarito14	0.000177851399906005	0.00174689725365689	0.00159872102318145	427
canarito219	0.000177490703288162	0.000249495192369842	0.000799360511590727	428
canarito106	0.000173681552437067	0.000232258909649991	0.000799360511590727	429
ctarjeta_visa_transacciones_lag2	0.000152473204113733	0.000798901704065091	0.000799360511590727	430
mrentabilidad_delta1	0.000149388807525427	0.000391263617740616	0.000799360511590727	431
mtarjeta_master_consumo_lag2/chomebanking_transacciones_lag1	0.00014415301039301	0.000296464062781436	0.000799360511590727	432
mactivos_margen_lag2/chomebanking_transacciones_lag2	0.000134225226023603	0.000541650184471316	0.000799360511590727	433
Master_fechaalta_delta2/mactivos_margen_delta2	0.000134134965038484	0.000224502582426059	0.000799360511590727	434
mpasivos_margen_delta2/mrentabilidad_annual_lag1/mpasivos_margen_delta1/kmes_lag2	0.000124096222224955	0.000236567980329954	0.000799360511590727	435
mpasivos_margen_lag1/mactivos_margen_delta2/mcaja_ahorro_delta1/mrentabilidad_delta1	0.00012268602303159	0.000983760836235492	0.000799360511590727	436
canarito179	0.000116639144224468	0.000272764174041641	0.000799360511590727	437
mtarjeta_visa_consumo_delta2/Master_fechaalta_lag1/mactivos_margen_lag2	0.000110273916586018	0.000249926099437839	0.000799360511590727	438
mpasivos_margen_lag2/cliente_antiguedad_lag1/ctrx_quarter_delta2/mrentabilidad_annual_delta1/mrentabilidad_annual/mtarjeta_visa_consumo_lag2	0.000109808296357942	0.000617920735506656	0.000799360511590727	439
mcomisiones_lag2/mpasivos_margen_lag1/mactivos_margen_delta2/Visa_fechaalta_lag2/Master_fechaalta_lag1/mcaja_ahorro_lag2	0.00010658233073404	0.000233982537921977	0.000799360511590727	440
mpasivos_margen_delta2/mtarjeta_visa_consumo_lag1/mrentabilidad_delta1	0.000104558909918098	0.000262422404409731	0.000799360511590727	441
canarito139	0.000103524393365488	0.000271471452837652	0.000799360511590727	442
canarito81	9.98599993282726e-05	0.000304651297073365	0.000799360511590727	443
canarito54	9.57822814567244e-05	0.00235619984780362	0.00239808153477218	444
Visa_fechaalta	9.25701509885746e-05	0.000358945587640896	0.000799360511590727	445
canarito64	8.97421230538205e-05	0.000224502582426059	0.000799360511590727	446
mpasivos_margen_delta2/mactivos_margen_lag1/ccomisiones_mantenimiento_lag1	8.63350348637723e-05	0.000379629126904717	0.000799360511590727	447
canarito42	8.61836978947182e-05	0.000315423973773272	0.000799360511590727	448
mrentabilidad_lag1/mactivos_margen_delta1/ctrx_quarter_delta1/mpayroll_sobre_edad/mactivos_margen_delta2/mpayroll_lag2	7.80386065390772e-05	0.00384972374547871	0.00479616306954436	449
canarito104	7.46639416702292e-05	0.000953166434407757	0.00159872102318145	450
mpasivos_margen_delta2	7.43064254057209e-05	0.000254666077185798	0.000799360511590727	451
ctrx_quarter_lag2/mpayroll_sobre_edad_delta2/mpasivos_margen_delta2/mpasivos_margen_delta1/mrentabilidad_lag1/mcomisiones_lag1/mactivos_margen_lag1/ctrx_quarter_delta2/Visa_fechaalta_delta2/mrentabilidad_annual_lag2/mrentabilidad_lag1/Visa_fechaalta_lag1/mtarjeta_visa_consumo_delta2/Master_fechaalta_lag1	6.96675678067994e-05	0.000963508204039668	0.000799360511590727	452
canarito182	6.25615084150843e-05	0.00065799509283031	0.000799360511590727	453
Visa_mpagominimo_lag1/ccomisiones_mantenimiento_lag1/mcaja_ahorro_lag2/Visa_fechaalta_delta2/mrentabilidad_annual_lag2	5.71023622041775e-05	0.000816999800920935	0.000799360511590727	454
mpayroll_sobre_edad_lag1/cdescubierto_preacordado_lag1	4.30430651795294e-05	0.00244841396035483	0.00399680255795364	455
kmes_lag1/mactivos_margen_delta1/cliente_antiguedad_delta2/mrentabilidad_lag1/mcaja_ahorro_lag1/Visa_mpagominimo_lag1/mcomisiones_lag1	4.2177504376107e-05	0.000436077952812229	0.000799360511590727	456
cliente_edad/mtarjeta_visa_consumo_delta2	4.03253655933477e-05	0.000295602248645444	0.000799360511590727	457
ctarjeta_visa_transacciones_delta1	2.55191848568187e-05	0.000495112221127718	0.000799360511590727	458
mpasivos_margen_lag1	1.91669393299318e-05	0.00037230370674878	0.000799360511590727	459
cpayroll_trx_lag2/mpayroll_delta1/cpayroll_trx	1.48278978885862e-05	0.000495112221127718	0.000799360511590727	460
mcuentas_saldo_delta1/Visa_mpagominimo_lag2/ctrx_quarter_lag2/mpayroll_sobre_edad_delta2	1.34195590575487e-05	0.000413670785276423	0.000799360511590727	461
ctarjeta_visa_transacciones_lag2/mcuenta_corriente	1.11739310562476e-05	0.00127936308488094	0.00159872102318145	462
mactivos_margen_lag1/mrentabilidad_annual_delta1/mrentabilidad_annual	9.92748324645782e-06	0.000375320056224754	0.000799360511590727	463
mrentabilidad/mrentabilidad_annual_delta1/mrentabilidad_annual/mtarjeta_visa_consumo_lag2/mcuenta_corriente/ctrx_quarter_lag2/ctarjeta_visa_transacciones_delta1/Visa_mpagominimo_delta1/cpayroll_trx/mrentabilidad_annual_delta1/mrentabilidad_annual	9.6163465160004e-06	0.000715305732873814	0.000799360511590727	464
mcuentas_saldo_delta1/Visa_mpagominimo_lag2/mcomisiones/mcomisiones_delta1/mrentabilidad_annual/Visa_fechaalta_delta1/mcomisiones/mcomisiones_delta1	8.90859291239806e-06	0.00143319690815561	0.00159872102318145	465
chomebanking_transacciones_lag2/mtarjeta_visa_consumo_delta1/mcuentas_saldo	8.87128996651522e-06	0.000291724085033477	0.000799360511590727	466
Visa_mpagominimo_delta2/mcomisiones_lag1/cpayroll_trx_delta2	8.74413952218877e-06	0.00306116381104553	0.00559552358113509	467
mpayroll_sobre_edad/Master_mpagominimo_lag1/mcomisiones_lag2/mcomisiones_delta1	8.19811352736443e-06	0.000737281993341624	0.000799360511590727	468
mtarjeta_visa_consumo_delta2/mcuenta_corriente_lag2/mtarjeta_visa_consumo_lag2	7.78361902600645e-06	0.000792869005113143	0.000799360511590727	469
mcaja_ahorro_delta1/mcuenta_corriente_lag2/Visa_mpagominimo_lag2/kmes_lag2/mrentabilidad_annual_delta2/Visa_mpagominimo_delta1	6.20263320858416e-06	0.000736851086273628	0.000799360511590727	470
Master_mpagominimo_lag2	5.44396631431611e-06	0.000237429794465947	0.000799360511590727	471
mpasivos_margen_delta1/kmes_lag2/Master_fechaalta_lag2/mcuentas_saldo_delta1/mcomisiones_lag2/mcomisiones_delta1/mrentabilidad_lag1/Visa_fechaalta_lag1	3.61821786427916e-06	0.000715305732873814	0.000799360511590727	472
mcomisiones_lag2/mcomisiones_delta1/mrentabilidad_lag1/Visa_fechaalta_lag1/mpayroll_lag2/chomebanking_transacciones_lag1/mrentabilidad_annual_delta1/mrentabilidad_annual/mtarjeta_visa_consumo_lag2/mrentabilidad/chomebanking_transacciones_lag1/mpasivos_margen_delta2/mcuenta_corriente_lag2/mrentabilidad_annual_lag1/mcaja_ahorro_delta1/Visa_mpagominimo/chomebanking_transacciones_delta1/kmes_delta1/mrentabilidad_lag1/mactivos_margen_delta1	3.21849798102272e-06	0.000744176506429564	0.000799360511590727	473
mrentabilidad_annual/Master_fechaalta_delta2/mactivos_margen/Visa_fechaalta_delta2	2.85736648801735e-06	0.000516657574527532	0.00159872102318145	474
mcuentas_saldo_delta1/Visa_mpagominimo_lag1/mcuentas_saldo_delta1	2.32565812577502e-06	0.000246478842893868	0.000799360511590727	475
mcaja_ahorro_lag2/cpayroll_trx_lag1	1.77602583251007e-06	0.000238291608601939	0.000799360511590727	476
mpasivos_margen_delta1/mpayroll_lag1/Master_fechaalta_lag2/mcomisiones_delta1/cliente_antiguedad	1.22298610620742e-06	0.000258113333729768	0.000799360511590727	477
mcomisiones_delta1/Visa_mpagominimo_delta2/mcaja_ahorro_delta1/mcuentas_saldo/mrentabilidad_lag2	1.19183080574995e-07	0.00244496670381086	0.00319744204636291	478
mcuentas_saldo/mrentabilidad_lag2/mcuentas_saldo_lag1/mtarjeta_visa_consumo_delta1/Visa_mpagominimo_lag1/ccomisiones_mantenimiento_lag1	9.39456678307038e-08	0.00120653979038957	0.00159872102318145	479
mrentabilidad_annual_lag1	7.19814299566816e-08	0.000243893400485891	0.000799360511590727	480
mpayroll_lag1	3.54466247395095e-08	0.000526999344159443	0.000799360511590727	481
mcomisiones_delta2/mpayroll_sobre_edad_lag1/ctarjeta_visa_transacciones_lag2/mpasivos_margen_lag2/Visa_mpagominimo_lag2	2.23723667076669e-08	0.000945410107183824	0.00159872102318145	482
mrentabilidad_annual_delta1/ccomisiones_mantenimiento_lag2/mactivos_margen_lag1/ctrx_quarter_delta2/Visa_fechaalta_delta2/mrentabilidad_annual_lag2/mrentabilidad_lag1/Visa_fechaalta_lag1	2.01134773861705e-08	0.000234413444989973	0.000799360511590727	483
mtarjeta_visa_consumo/mactivos_margen_lag2/mactivos_margen_lag1	1.90475222087636e-08	0.0017227664578491	0.00239808153477218	484
Visa_mpagominimo_lag1/cpayroll_trx_lag2/mpayroll_sobre_edad	1.69161343235351e-08	0.00224502582426059	0.00399680255795364	485
mtarjeta_visa_consumo_delta2	1.33048967064923e-08	0.00159952703640217	0.00319744204636291	486
mpayroll_sobre_edad_lag1/cdescubierto_preacordado_lag1/mcuentas_saldo_lag1	8.27519172909475e-09	0.00080364168181305	0.00159872102318145	487
Visa_mpagominimo_delta2/mcomisiones_lag1	5.88405294211373e-09	0.00169648112670133	0.00319744204636291	488
mcuentas_saldo_lag2/cliente_edad/mtarjeta_visa_consumo_delta2	4.98611245362121e-09	0.00103072970664709	0.00239808153477218	489
Visa_mpagominimo/chomebanking_transacciones_delta1/kmes_delta1	2.40309776255841e-09	0.00136554449848019	0.00399680255795364	490
mpayroll_sobre_edad_lag1	1.90153913363387e-09	0.000532170228975398	0.000799360511590727	491
mpayroll_lag2/chomebanking_transacciones_lag1/ctarjeta_visa_transacciones	1.43175528863288e-09	0.000733403829729658	0.000799360511590727	492
mcomisiones_delta2/mpayroll_sobre_edad_lag1/ctarjeta_visa_transacciones_lag2/mpasivos_margen_lag2	1.37572223833745e-09	0.000232258909649991	0.000799360511590727	493
mcuentas_saldo_lag2/mtarjeta_visa_consumo_delta2/mpayroll_sobre_edad_lag1/mcuentas_saldo/mrentabilidad_lag2	1.88863175314792e-10	0.000230966188446003	0.000799360511590727	494
Visa_mpagominimo_delta2	1.3934434036271e-10	0.000253373355981809	0.000799360511590727	495
Visa_mpagominimo_delta2/mcomisiones_lag1/mcuenta_corriente/ctrx_quarter_lag2	3.36882765379237e-11	0.000287845921421511	0.000799360511590727	496
mtarjeta_visa_consumo/mpasivos_margen_lag2/mrentabilidad_lag1/Visa_fechaalta_lag1/mcomisiones_delta2/mpayroll_sobre_edad_lag1/ctarjeta_visa_transacciones_lag2/mpasivos_margen_lag2/mpasivos_margen/Master_fechaalta_lag2/Master_fechaalta_lag1/mcaja_ahorro_lag2	6.42831199788739e-12	0.000240015236873924	0.000799360511590727	497
mcuentas_saldo/mrentabilidad_lag2/mcomisiones_delta2/mtarjeta_visa_consumo_delta2	5.44785777096234e-12	0.000389109082400635	0.000799360511590727	498
mcomisiones_delta2/mpayroll_sobre_edad_lag1/chomebanking_transacciones_lag1/Visa_fechaalta_delta2/Visa_fechaalta	7.30143818341351e-14	0.000250787913573831	0.000799360511590727	499
