Feature	Gain	Cover	Frequency	pos
cpayroll_trx_+_ctarjeta_visa_transacciones_lag2	0.150514771040717	0.0130107725968258	0.00601805416248746	1
Master_mpagominimo_lag1_+_ctrx_quarter_lag2	0.0773777639940441	0.0313457504577959	0.0200601805416249	2
mtarjeta_visa_consumo_+_ctarjeta_visa_transacciones_delta2/mrentabilidad	0.0504128132501923	0.0255197196550782	0.0150451354062187	3
ccomisiones_mantenimiento_delta2/ctrx_quarter_lag2	0.036489232776723	0.0190146155982506	0.0130391173520562	4
mcuenta_corriente/ctrx_quarter_lag2_+_mtarjeta_visa_consumo	0.0363582269084867	0.0270285831698214	0.0210631895687061	5
mcomisiones/mcomisiones_lag1_+_mcaja_ahorro	0.0342361141500388	0.0123266189941813	0.00702106318956871	6
ccomisiones_mantenimiento/cpayroll_trx_lag1	0.024979552272011	0.023128004461675	0.0110330992978937	7
mpayroll/mprestamos_personales_lag1	0.0239920286997495	0.00493584084284111	0.00702106318956871	8
mcaja_ahorro_delta2/kmes_lag2_-_mcaja_ahorro_lag2	0.0217902068362152	0.0142108638173062	0.0100300902708124	9
mpayroll_-_ccallcenter_transacciones_delta2	0.0216281891752833	0.0386975792703716	0.0220661985957874	10
mpasivos_margen_lag1_-_internet_lag1	0.0196878617250085	0.00188198689044285	0.00300902708124373	11
mprestamos_personales_lag2_-_mcaja_ahorro_delta2	0.0160842162046136	0.00545742329238196	0.00501504513540622	12
mpasivos_margen_-_mcomisiones_delta2	0.0157624058245854	0.00490197185261119	0.00401203610832498	13
ccomisiones_mantenimiento_delta2/cpayroll_trx	0.0151675665484455	0.0184416651801943	0.0110330992978937	14
mcaja_ahorro_delta1/mprestamos_personales_lag2_-_mprestamos_personales_delta2/mprestamos_personales	0.0145825321434738	0.0293034503469314	0.0140421263791374	15
mpayroll_sobre_edad_lag2_-_ctrx_quarter_lag2	0.0114708849138158	0.00690475814154077	0.00802407221664995	16
mrentabilidad_delta1_-_mprestamos_personales_lag1/mcaja_ahorro_delta2	0.0106968018265211	0.00105784146151467	0.00300902708124373	17
Master_mpagominimo_lag1_+_ctrx_quarter_delta1	0.0093407959846092	0.00991345344029913	0.00802407221664995	18
mpayroll_lag1_+_ccomisiones_mantenimiento_delta1/ccomisiones_mantenimiento_lag2	0.00932878813531394	0.0159895502875477	0.00802407221664995	19
Master_fechaalta_delta2_-_cliente_edad_lag2	0.0091119862128235	0.0155119975253058	0.0130391173520562	20
Master_fechaalta_lag1/mcaja_ahorro_lag2	0.00900257637012906	0.00596150676363735	0.00501504513540622	21
Visa_mpagominimo_delta1/cpayroll_trx/mrentabilidad_annual_delta1/mrentabilidad_annual	0.00819215754853388	0.0126681313123331	0.00702106318956871	22
mtarjeta_visa_consumo_-_mcuenta_corriente_delta1	0.00803076695899452	0.0128798125012701	0.00702106318956871	23
mtarjeta_visa_consumo_delta2/mactivos_margen_-_mprestamos_personales_lag2	0.0076931627904769	0.00573232659641485	0.0100300902708124	24
internet_lag2_+_cliente_edad_lag1	0.00717706720740025	0.0123249255446698	0.0110330992978937	25
mrentabilidad_annual/Visa_fechaalta_delta1/cproductos_lag1/cdescubierto_preacordado	0.00633570313373883	0.0073004608440604	0.00802407221664995	26
mcuentas_saldo/mpasivos_margen	0.00612181584527529	0.0109227493491509	0.00802407221664995	27
mcomisiones_lag2/mcomisiones_delta1/mrentabilidad_lag1/Visa_fechaalta_lag1	0.00585578441979702	0.00744214611985558	0.00902708124373119	28
mrentabilidad_lag1_-_mpayroll_lag2	0.0057197931102226	0.0149046136338491	0.0100300902708124	29
Visa_fechaalta_delta2_-_mrentabilidad_annual/Visa_fechaalta_delta1	0.00561942275684044	0.00654235994608057	0.00601805416248746	30
mcuenta_corriente/ctrx_quarter_lag2_-_ctrx_quarter_delta1	0.00532728615319876	0.00129718232580614	0.00300902708124373	31
mcuenta_corriente_delta2_-_mcaja_ahorro_lag2	0.0051264444025989	0.00471117654098261	0.00300902708124373	32
chomebanking_transacciones_delta1_+_cpayroll_trx_lag2	0.00511058632645787	0.00901479623286511	0.00902708124373119	33
mcuentas_saldo/mactivos_margen_lag2/mactivos_margen_lag1	0.004969117879045	0.00317973369941949	0.00401203610832498	34
Visa_mpagominimo_lag1/mcomisiones_lag1_-_mtarjeta_visa_consumo_delta2/Master_fechaalta_lag1	0.00485400946627009	0.000694314299713468	0.00200601805416249	35
cdescubierto_preacordado_lag2_-_Master_status_delta1	0.00484994103405651	0.00227938304247397	0.00300902708124373	36
mpayroll_lag2/chomebanking_transacciones_lag1	0.00481484516693437	0.00951267038924501	0.00601805416248746	37
mcuentas_saldo_lag1_+_kmes_lag1/mactivos_margen_delta1	0.00481324062220381	0.00433353729991894	0.00401203610832498	38
mpayroll_sobre_edad_lag2/ccomisiones_mantenimiento_lag2_-_mrentabilidad_delta2/mcomisiones_lag1	0.00442580045098415	0.00297482630852844	0.00702106318956871	39
mtarjeta_visa_consumo_lag1_+_chomebanking_transacciones_lag1	0.00414832245042849	0.00127234506630419	0.00200601805416249	40
canarito23	0.00408955095346374	0.00282128688615278	0.00601805416248746	41
mrentabilidad_annual_lag2_-_mactivos_margen	0.00407273208047837	0.00440240424671979	0.00501504513540622	42
mrentabilidad_annual_delta1/ccomisiones_mantenimiento_lag2_-_mrentabilidad_annual/Visa_fechaalta_delta1	0.00402607558143637	0.00330335551375871	0.00601805416248746	43
Visa_fechaalta_+_mrentabilidad_lag1	0.00401018482295451	0.00203101044745452	0.00401203610832498	44
cproductos_+_Master_mpagominimo	0.00391001862543965	0.0106890533165644	0.00702106318956871	45
Visa_fechaalta_lag1/mrentabilidad_lag2_-_mcuentas_saldo	0.0038642469925479	0.00112953082416801	0.00300902708124373	46
mcuentas_saldo_lag1/mtarjeta_visa_consumo_delta1/Visa_mpagominimo_lag1/ccomisiones_mantenimiento_lag1	0.00383503967567908	0.00115775498269295	0.00200601805416249	47
Visa_mpagominimo_-_mpasivos_margen_delta1/mrentabilidad_lag1	0.00373046311915256	0.0129661784263564	0.0150451354062187	48
Master_fechaalta_lag1_-_mtarjeta_master_consumo_lag2	0.00369297043638658	0.00583901391563912	0.00601805416248746	49
mtarjeta_master_consumo_lag2_+_mtarjeta_visa_consumo_delta2	0.00357112826853433	0.00641760916540034	0.00601805416248746	50
mprestamos_personales/cliente_antiguedad_lag1/ctrx_quarter_delta2	0.00354937449655413	0.0144485112320861	0.00501504513540622	51
canarito92	0.003522498656342	0.00348399012831831	0.00601805416248746	52
mpasivos_margen_delta2/mactivos_margen_lag1_+_mrentabilidad	0.00336700021603389	0.00726094702212548	0.00501504513540622	53
mcomisiones_delta1/mcuenta_corriente_lag2/Master_fechaalta	0.00335953755984029	0.00315038057455355	0.00702106318956871	54
mrentabilidad_annual_delta1/mrentabilidad_annual/mtarjeta_visa_consumo_lag2	0.00332476791155165	0.00381590623257158	0.00501504513540622	55
mcuentas_saldo/mrentabilidad_lag2_+_Master_fechaalta_lag1/cproductos_delta1	0.00332349794136281	0.014741477997575	0.00501504513540622	56
mcomisiones_delta2/mpayroll_sobre_edad_lag1/mcomisiones_delta1	0.00325567750957744	0.00634253290372401	0.00501504513540622	57
cpayroll_trx_lag2/mpayroll_sobre_edad	0.00318377680442895	0.00236800690024228	0.00401203610832498	58
mcuentas_saldo_lag1/mtarjeta_visa_consumo_delta1/mcaja_ahorro_delta1/mrentabilidad_delta1	0.00305465273988726	0.00221390299469612	0.00501504513540622	59
mactivos_margen_delta1/ccallcenter_transacciones_delta2/mactivos_margen_lag1/kmes_delta1	0.00296150640987987	0.00129661784263564	0.00401203610832498	60
canarito72	0.00290794094857223	0.00261637949526173	0.00401203610832498	61
mpasivos_margen_-_Master_mpagominimo_delta1	0.00279420631413993	0.000809468866495214	0.00100300902708124	62
canarito62	0.00277248634951528	0.00306965948117223	0.00501504513540622	63
mpasivos_margen_delta2/mactivos_margen_lag1_-_mpayroll_sobre_edad	0.00274592370010286	0.0101110225499737	0.0120361083249749	64
mrentabilidad/chomebanking_transacciones_lag1_-_mactivos_margen	0.00271841856872312	0.00292571627269505	0.00501504513540622	65
mrentabilidad_annual_-_cpayroll_trx_lag2	0.00267097005583868	0.00242163280143966	0.00401203610832498	66
mrentabilidad_annual_delta2_+_mpasivos_margen/Master_fechaalta_lag2	0.00251663771703613	0.00396097840738976	0.00401203610832498	67
canarito25	0.00249865272741281	0.0112953082416801	0.00401203610832498	68
cliente_antiguedad_lag2_-_mcuenta_corriente_lag2	0.0024862257413475	0.000428442726408555	0.00100300902708124	69
mrentabilidad_lag1/Visa_fechaalta_lag1_-_ccomisiones_mantenimiento_delta1	0.00247602306439589	0.00220374229762714	0.00300902708124373	70
Master_mpagominimo_lag2_-_chomebanking_transacciones_lag1	0.0024642325728803	0.00484213663653832	0.00601805416248746	71
canarito61	0.00244743935306878	0.0016793374322338	0.00401203610832498	72
ccallcenter_transacciones_lag1_-_mcomisiones_lag1	0.00240458531946044	0.00164716189151537	0.00200601805416249	73
mtarjeta_visa_consumo_lag1_-_mcaja_ahorro_delta1/mrentabilidad_delta1	0.00239485011211316	0.00152015317815315	0.00100300902708124	74
mtarjeta_visa_consumo_delta2/mcuenta_corriente_lag2_-_mrentabilidad_annual_delta1/mrentabilidad_annual	0.00237934193056178	0.00472698206975657	0.00401203610832498	75
mprestamos_personales_lag1/mcomisiones_lag2_-_cproductos_delta1	0.00226167048539131	0.0040326677700431	0.00200601805416249	76
ctarjeta_visa_transacciones_delta2/ctrx_quarter	0.00225179908658867	0.0081144455759196	0.00300902708124373	77
kmes/cproductos	0.00220635272428947	0.00315828333894053	0.00300902708124373	78
mpasivos_margen_lag2_-_mprestamos_personales_lag1	0.0021947119260988	0.00219075918470567	0.00200601805416249	79
canarito60	0.00217707340753792	0.00543089258336852	0.00401203610832498	80
Visa_mpagominimo_lag1/mcomisiones_lag1_-_mcuenta_corriente_delta1	0.00213584108125047	0.00232792859513686	0.00300902708124373	81
mrentabilidad_annual/mactivos_margen_delta1/mcuentas_saldo_lag2	0.00208645029851553	0.00438998561696882	0.00601805416248746	82
canarito41	0.00208216436665618	0.00337109349421856	0.00401203610832498	83
mtarjeta_visa_consumo_delta2/mcuenta_corriente_lag2/cproductos_lag1	0.00203424836903502	0.00356584018804063	0.00200601805416249	84
cliente_antiguedad_delta1/cproductos_delta2_+_cliente_edad_delta2	0.00186757030506886	0.00381251933354859	0.00200601805416249	85
mrentabilidad_lag1/mactivos_margen_delta1_-_mrentabilidad_annual_lag1	0.0018428976188977	0.00239453760925572	0.00300902708124373	86
Visa_fechaalta_lag1_-_cpayroll_trx_delta1	0.00182820477019242	0.00487487666042725	0.00300902708124373	87
canarito46	0.00182651410838106	0.00391807768643186	0.00601805416248746	88
mactivos_margen_lag1/mrentabilidad_annual_delta1/mrentabilidad_annual	0.00174275495223986	0.00694935231201017	0.00300902708124373	89
cproductos_lag1/cdescubierto_preacordado_+_mrentabilidad_lag2	0.00164855150415597	0.00171038400661123	0.00300902708124373	90
canarito38	0.00162199326241773	0.00351955256805974	0.00300902708124373	91
canarito53	0.00160184945663835	0.00884488679854499	0.00300902708124373	92
canarito91	0.00159770197285112	0.00162176014884292	0.00200601805416249	93
ccomisiones_mantenimiento_delta2/cliente_antiguedad_lag1_+_Master_fechaalta_lag1/cproductos_delta1	0.0015770686647164	0.00589659119902999	0.00200601805416249	94
ccomisiones_mantenimiento_lag1/ccomisiones_mantenimiento_delta1	0.0015599667707544	0.00150434764937918	0.00200601805416249	95
Visa_mpagominimo_lag1/ccomisiones_mantenimiento_lag1_-_mprestamos_personales_delta2	0.00154574220880218	0.00144169001745382	0.00200601805416249	96
canarito99	0.00152209029272133	0.00236631345073078	0.00300902708124373	97
mcaja_ahorro_lag1_-_mpayroll_lag2/ccallcenter_transacciones_delta1	0.00151726779868418	0.00684097154327441	0.00501504513540622	98
mcuenta_corriente/ctrx_quarter_lag2_-_kmes_delta1	0.0015159670643588	0.00309336777433318	0.00200601805416249	99
mpayroll_sobre_edad_delta2_+_Visa_fechaalta_delta1	0.00150784902461724	0.00105163214663918	0.00300902708124373	100
mpayroll_sobre_edad_delta1_-_mprestamos_personales_lag1	0.00146820850301192	0.00543710189824401	0.00601805416248746	101
canarito36	0.00137895724967594	0.0014507217481818	0.00300902708124373	102
mcuentas_saldo_delta1/Visa_mpagominimo_lag1_-_cdescubierto_preacordado_delta2	0.00137516912974226	0.00170135227588325	0.00300902708124373	103
mpasivos_margen_delta1/mpayroll_lag1/mtarjeta_visa_consumo_delta1/mcuentas_saldo	0.00136651186383431	0.00155740906740606	0.00401203610832498	104
Visa_mpagominimo_delta2_-_Visa_status_delta1	0.0013383357269334	0.000773341943583294	0.00200601805416249	105
canarito85	0.00128666151096919	0.000649720129244067	0.00200601805416249	106
mcuentas_saldo_lag1_-_mrentabilidad_annual_lag2	0.0012860915648609	0.00236292655170779	0.00200601805416249	107
mcaja_ahorro_delta1/mcuenta_corriente_lag2/Visa_mpagominimo_lag2	0.00128089748347485	0.00209705497840287	0.00401203610832498	108
mprestamos_personales_lag1/mcaja_ahorro_delta2_+_mcuenta_corriente/ctrx_quarter_lag2	0.00127278802032412	0.00257460774064482	0.00200601805416249	109
mcuentas_saldo_lag1/mtarjeta_visa_consumo_delta1/ccomisiones_mantenimiento_lag2	0.00127091971687391	0.00147555900768374	0.00401203610832498	110
canarito24	0.00126936260850082	0.00279532066030983	0.00401203610832498	111
cliente_antiguedad_+_mtarjeta_master_consumo_lag2	0.00119219445675726	0.00179957234755003	0.00200601805416249	112
mpayroll_sobre_edad_lag1_-_mcaja_ahorro_delta1/mrentabilidad_delta1	0.00118895109649748	0.0017216736700212	0.00200601805416249	113
canarito30	0.00116938075368699	0.00219866194909265	0.00200601805416249	114
mtarjeta_visa_consumo_delta2/ctrx_quarter_lag1	0.00116825162700238	0.00908592111234796	0.0100300902708124	115
mactivos_margen_delta2_+_cdescubierto_preacordado_lag2/mcaja_ahorro_delta1	0.00115404220615946	0.00343826699150792	0.00200601805416249	116
canarito67	0.00114876491588952	0.00380461656916161	0.00401203610832498	117
canarito14	0.00113001839661117	0.00278741789592285	0.00200601805416249	118
canarito78	0.00110139207249091	0.00181876477534699	0.00200601805416249	119
mpayroll_sobre_edad_lag1_-_mrentabilidad	0.00110113148438496	0.0052587252163664	0.00401203610832498	120
mrentabilidad_annual_lag1/mcaja_ahorro_delta1_-_mactivos_margen_lag1	0.00109964965414342	0.000753585032615838	0.00200601805416249	121
mpasivos_margen_lag2/mactivos_margen_lag1/kmes_delta1	0.00109212239780283	0.00218511435300068	0.00200601805416249	122
mrentabilidad_lag1/mactivos_margen_delta1_-_mtarjeta_visa_consumo_delta1/chomebanking_transacciones	0.00106342874970647	0.000929703781811449	0.00300902708124373	123
mcaja_ahorro_lag1/chomebanking_transacciones_delta2	0.00106141591565817	0.00119839777096886	0.00200601805416249	124
canarito29	0.00105979196874446	0.0011312242736795	0.00200601805416249	125
mactivos_margen_delta1/ccallcenter_transacciones_delta2/mrentabilidad_annual_lag1	0.00105254991244377	0.000854627520135115	0.00200601805416249	126
Visa_fechaalta_delta2/mrentabilidad_annual_lag2/mrentabilidad_lag1/Visa_fechaalta_lag1	0.00104440640490005	0.00341455869834697	0.00401203610832498	127
mpayroll_delta1_-_Master_mpagominimo_lag1_-_mrentabilidad_annual_delta1	0.00102459885582395	0.000728183289943394	0.00200601805416249	128
canarito11	0.00102038221704217	0.000438038940307034	0.00100300902708124	129
mpasivos_margen_lag1/mpayroll_sobre_edad_lag2/ccomisiones_mantenimiento_lag2	0.0010056298358834	0.00256783394259884	0.00300902708124373	130
mpayroll_sobre_edad_lag2_-_mprestamos_personales_lag1/mcomisiones_lag2	0.00100537336728542	0.00476988279071448	0.00702106318956871	131
cliente_antiguedad_lag2/mcaja_ahorro_delta1	0.000953860336735795	0.00420765755289772	0.00300902708124373	132
canarito59	0.0009271755088229	0.000894141342070028	0.00200601805416249	133
canarito39	0.00092539118890431	0.00202197871672654	0.00200601805416249	134
mpasivos_margen_delta2/mpasivos_margen_delta1/mrentabilidad_lag1	0.000918589590902641	0.000994054863248307	0.00300902708124373	135
canarito56	0.000909774463417675	0.00377977930965966	0.00401203610832498	136
Visa_mpagominimo_lag2/mrentabilidad_annual	0.000899142888653708	0.000955670007654392	0.00100300902708124	137
mpasivos_margen_lag1/mactivos_margen_delta2/mactivos_margen	0.000888467233910021	0.000393444769837632	0.00100300902708124	138
mactivos_margen_lag1/ctrx_quarter_delta2	0.000886522505965638	0.000645768747050575	0.00200601805416249	139
ccomisiones_mantenimiento_lag1_-_mtarjeta_master_consumo_delta2	0.000881859678467472	0.000712377761169429	0.00200601805416249	140
mtarjeta_visa_consumo_delta1/ctarjeta_visa_transacciones_delta2	0.000880579902493838	0.00211060257449484	0.00300902708124373	141
mcuentas_saldo_delta1/Visa_mpagominimo_lag2	0.000849496684518885	0.000320061957672794	0.00100300902708124	142
canarito87	0.000843821072072981	0.000978813817644841	0.00200601805416249	143
canarito69	0.000839943186837829	0.000786325056504765	0.00200601805416249	144
mpasivos_margen_delta1/internet_lag1/mcomisiones_lag1	0.00083534148941459	0.000437474457136535	0.00100300902708124	145
mprestamos_personales_lag1/mcaja_ahorro_delta2/Master_mpagominimo_delta2	0.000829943041712727	0.000328529205230275	0.00100300902708124	146
kmes_lag1/mactivos_margen_delta1/cliente_antiguedad_delta2	0.000828886347342973	0.00130226267434063	0.00200601805416249	147
mcomisiones_lag2/mcomisiones_delta1/Master_fechaalta_delta2	0.000826880519588431	0.00112275702612202	0.00200601805416249	148
mactivos_margen_delta1/ccallcenter_transacciones_delta2_+_Visa_fechaalta_delta1	0.000818174828849374	0.000369171993506186	0.00100300902708124	149
canarito77	0.000798636772398662	0.000876077880614067	0.00200601805416249	150
mprestamos_personales_delta1_-_cdescubierto_preacordado_lag2/mcaja_ahorro_delta1	0.000798095668614133	0.000540774877337807	0.00100300902708124	151
mrentabilidad_annual_delta1/mrentabilidad_annual/kmes_delta1	0.000783292299597045	0.00365107714678595	0.00300902708124373	152
mtarjeta_visa_consumo_delta2/mcuenta_corriente_lag2_-_mrentabilidad_annual/Visa_fechaalta_delta1	0.000758353246583553	0.000839950957702147	0.00200601805416249	153
mtarjeta_visa_consumo_delta1/chomebanking_transacciones_-_mrentabilidad_lag2	0.000757297641745442	0.000810597832836212	0.00200601805416249	154
Visa_mpagominimo_delta2/mcomisiones_lag1/mpayroll_delta1_-_Master_mpagominimo_lag1	0.000749389718937828	0.00129379542678315	0.00401203610832498	155
mcuentas_saldo/mrentabilidad_lag2/mcuenta_corriente_lag1	0.000748158922707876	0.00127573196532719	0.00100300902708124	156
canarito17	0.000744217057753472	0.000733263638477882	0.00200601805416249	157
mcuenta_corriente_delta2_+_mrentabilidad_annual_delta1/ccomisiones_mantenimiento_lag2	0.000743676710588139	0.000374252342040674	0.00100300902708124	158
mtarjeta_visa_consumo_delta2_-_mpasivos_margen_delta2/mtarjeta_visa_consumo_lag1	0.000735369394942214	0.00405806951271555	0.00401203610832498	159
Master_fechaalta_lag1/Visa_mpagominimo_lag1/mcomisiones_delta2/mpayroll_sobre_edad_lag1	0.000732414887820583	0.00229293063856594	0.00200601805416249	160
canarito31	0.000715814269208611	0.000771648494071798	0.00200601805416249	161
mrentabilidad_lag1_+_mrentabilidad_annual_delta2	0.000715215662365152	0.000560531788305264	0.00100300902708124	162
mcaja_ahorro_delta1/mcuentas_saldo/mrentabilidad_lag2	0.000715171468237888	0.00246396903922707	0.00200601805416249	163
canarito96	0.000713879820909062	0.00220261333128614	0.00200601805416249	164
Master_mpagominimo/mpayroll_sobre_edad_lag1	0.000713210564404553	0.00401968465712163	0.00401203610832498	165
mactivos_margen_lag1/kmes_delta1/Visa_mpagominimo_lag2	0.000711098201227637	0.000515373134665363	0.00100300902708124	166
Visa_mpagominimo/chomebanking_transacciones_delta1/kmes_delta1	0.000706266067861929	0.000867046149886087	0.00200601805416249	167
canarito1	0.000702020526226841	0.000757536414809329	0.00200601805416249	168
canarito51	0.000695310827192772	0.00132258406847858	0.00200601805416249	169
mprestamos_personales_delta1_-_mcaja_ahorro_delta2	0.000686800979766523	0.000705603963123444	0.00100300902708124	170
canarito20	0.000670947144301442	0.000314981609138305	0.00100300902708124	171
mrentabilidad_lag1/mactivos_margen_delta1_-_cdescubierto_preacordado_lag2/mcaja_ahorro_delta1	0.00067094236246812	0.00138411273406295	0.00100300902708124	172
ctarjeta_visa_transacciones_-_mactivos_margen_lag2/mactivos_margen_lag1	0.00065819708644037	0.00591634810999745	0.0100300902708124	173
mpasivos_margen_delta2/cdescubierto_preacordado_lag2	0.000655105414743504	0.00286136519125819	0.00200601805416249	174
Master_mpagominimo_lag1_-_mpasivos_margen/Master_fechaalta_lag2	0.000650375152586405	0.00256557600991684	0.00100300902708124	175
mrentabilidad_annual_lag1_-_mrentabilidad_lag2	0.00064349777160602	0.000965266221552871	0.00200601805416249	176
mcomisiones_lag2/mcomisiones_delta1/Master_mpagominimo_delta2	0.000640457988021288	0.000675686355087009	0.00200601805416249	177
Master_fechaalta_delta1/mcuenta_corriente_delta1_-_Visa_fechaalta_delta1	0.000639572801958273	0.000911640320355489	0.00200601805416249	178
mtarjeta_visa_consumo_lag1_-_mpayroll_sobre_edad_delta2	0.000633221021635082	0.00138467721723345	0.00100300902708124	179
cliente_antiguedad_lag1/cliente_antiguedad_lag2	0.000632295948740742	0.000771084010901299	0.00100300902708124	180
Visa_mpagominimo_lag1_-_mtarjeta_master_consumo_delta1/mpasivos_margen_delta2	0.000625215143123201	0.000342076801322245	0.00100300902708124	181
mcuentas_saldo_delta1_-_Master_mpagominimo_lag2	0.000623411423488413	0.00160708358640995	0.00401203610832498	182
mrentabilidad_annual_delta2/mprestamos_personales_lag2_-_cliente_antiguedad_lag2	0.00061735562502868	0.000355059914243717	0.00100300902708124	183
mrentabilidad_lag1/cdescubierto_preacordado_lag1_-_mrentabilidad_lag1/cdescubierto_preacordado_lag1	0.000614941707144343	0.00187521309239686	0.00100300902708124	184
mactivos_margen_delta1/ccallcenter_transacciones_delta2_-_mcaja_ahorro_lag2	0.000613809804826463	0.000470214481025463	0.00100300902708124	185
mtarjeta_master_consumo_lag2/chomebanking_transacciones_lag1	0.000608063433353307	0.000299740563534839	0.00100300902708124	186
ctarjeta_visa_transacciones_lag2_-_Master_status_delta2/ccallcenter_transacciones	0.000606854537465996	0.002948295599515	0.00100300902708124	187
canarito97	0.000603685332035001	0.00284555966248422	0.00100300902708124	188
kmes_lag2_-_Master_status_lag2	0.000589343100665345	0.00030369194572833	0.00100300902708124	189
cproductos_lag1_-_chomebanking_transacciones_delta2/chomebanking_transacciones_delta1	0.000576340962951662	0.00129492439312414	0.00200601805416249	190
canarito88	0.000568957782038455	0.000405863399588605	0.00100300902708124	191
cpayroll_trx_lag1/ccallcenter_transacciones_delta2	0.000566993235427271	0.000893576858899529	0.00100300902708124	192
mcaja_ahorro_delta1_-_mtarjeta_master_consumo_lag1/chomebanking_transacciones_delta1	0.000561606391426559	0.00158281081007851	0.00200601805416249	193
mcuentas_saldo_delta1/Visa_mpagominimo_lag1_-_mcaja_ahorro_delta1	0.000560431667299482	0.00109566183393808	0.00300902708124373	194
canarito44	0.000560245584374308	0.000566176620010251	0.00100300902708124	195
mcuenta_corriente_lag1/Visa_fechaalta_lag2/Visa_mpagominimo_delta2/mcomisiones_lag1	0.000558983180377425	0.00200843112063457	0.00100300902708124	196
mrentabilidad_annual_delta1/ccomisiones_mantenimiento_lag2/cliente_antiguedad	0.000552139468951282	0.000482633110776435	0.00100300902708124	197
mcuentas_saldo_delta1_-_mpayroll_sobre_edad_delta1	0.000545617532537003	0.0025830749882023	0.00100300902708124	198
ctrx_quarter_lag2/mtarjeta_visa_consumo_lag1	0.000535337498838752	0.000330222654741772	0.00100300902708124	199
mpayroll_delta1_-_Master_mpagominimo_lag1/kmes_lag1	0.000529388162836348	0.00073439260481888	0.00200601805416249	200
cproductos_lag1_-_Visa_mpagominimo_delta1	0.00052043349284812	0.00071632914336292	0.00100300902708124	201
canarito50	0.000519813367754714	0.000554322473429777	0.00100300902708124	202
mrentabilidad_annual_lag1/mcaja_ahorro_delta1_-_mrentabilidad_annual_lag1	0.000518932057714695	0.002948295599515	0.00100300902708124	203
canarito90	0.000516113257765958	0.000377074757893168	0.00100300902708124	204
canarito33	0.000512422832502917	0.00110977391320055	0.00100300902708124	205
canarito42	0.00050617028278734	0.000574079384397234	0.00100300902708124	206
cpayroll_trx_delta1/mtarjeta_visa_consumo/Master_fechaalta_lag1	0.00050179308941207	0.00238607036169824	0.00200601805416249	207
mcuentas_saldo_delta1_-_ccallcenter_transacciones_delta2	0.000498246209942978	0.000317804024990799	0.00100300902708124	208
ctarjeta_visa_transacciones_delta2/mrentabilidad_-_mcuenta_corriente_delta1	0.000495608453835565	0.000662703242165538	0.00100300902708124	209
Master_fechaalta_delta2/mactivos_margen_delta2_-_kmes_delta1	0.000492399783147284	0.00142023965697487	0.00200601805416249	210
ctarjeta_visa_transacciones_lag2/mcuenta_corriente_-_cpayroll_trx_delta2/mrentabilidad_lag1	0.000492256086029495	0.00129492439312414	0.00100300902708124	211
Visa_fechaalta_delta2/mrentabilidad_annual_lag2_-_mcaja_ahorro_delta1/mrentabilidad_delta1	0.000482677619914956	0.000626576319253618	0.00100300902708124	212
mrentabilidad_lag1/mactivos_margen_delta1_-_cpayroll_trx_delta1	0.000479443133379692	0.000842208890384142	0.00100300902708124	213
mtarjeta_master_consumo_lag1/chomebanking_transacciones_delta1/ctrx_quarter_delta2	0.000478281541324543	0.00070729741263494	0.00100300902708124	214
mactivos_margen_delta2_-_mrentabilidad_lag1/mactivos_margen_delta1	0.000468819080065202	0.000467392065172969	0.00100300902708124	215
ccomisiones_mantenimiento_lag1_-_mcuenta_corriente_lag2	0.000465174990161751	0.000972604502769354	0.00100300902708124	216
mtarjeta_master_consumo_lag1_-_mrentabilidad_annual_delta1/ccomisiones_mantenimiento_lag2	0.000465020458257069	0.000623189420230625	0.00100300902708124	217
mrentabilidad_annual_delta1/mrentabilidad_annual/ctrx_quarter_delta1	0.000464231781105272	0.00143773863526033	0.00200601805416249	218
mpayroll_lag2_-_cliente_edad_lag1	0.000459361340109648	0.000307078844751323	0.00100300902708124	219
mcomisiones_lag2/Master_fechaalta/ctarjeta_visa_transacciones_delta2	0.000456837297987026	0.00170417469173574	0.00300902708124373	220
mcuenta_corriente_lag2_-_ccomisiones_mantenimiento_lag1	0.000451878543925848	0.000800437135767234	0.00200601805416249	221
mcuenta_corriente_delta2/mcuenta_corriente_delta1	0.000450262086329368	0.000295789181341348	0.00100300902708124	222
mpasivos_margen_lag1/mactivos_margen_delta2/mcaja_ahorro_delta1/mrentabilidad_delta1	0.000446986893681336	0.000591578362682695	0.00100300902708124	223
canarito37	0.000441197304119679	0.000755842965297833	0.00100300902708124	224
mpasivos_margen_delta1/mpayroll_lag1_-_mtarjeta_master_consumo_lag1/chomebanking_transacciones_delta1	0.000437936559115202	0.00121476778291332	0.00300902708124373	225
mcomisiones_lag2_-_mpayroll_delta1	0.000428254243232855	0.000469085514684465	0.00100300902708124	226
Visa_mpagominimo_lag1_-_mtarjeta_visa_consumo_delta1/chomebanking_transacciones	0.000427807448205754	0.000708426378975937	0.00200601805416249	227
ccallcenter_transacciones_delta2_-_Visa_fechaalta_lag2	0.000426741640400091	0.000578595249761224	0.00100300902708124	228
mtarjeta_visa_consumo_delta2/Master_fechaalta_lag1_-_ctrx_quarter_lag1	0.000419843617223749	0.00139314446479093	0.00300902708124373	229
ctarjeta_visa_transacciones_lag2/mtarjeta_visa_consumo_delta1/chomebanking_transacciones	0.000419233980496685	0.000665525658018032	0.00100300902708124	230
canarito75	0.00040838070183044	0.000414330647146086	0.00100300902708124	231
mcaja_ahorro_delta1/mcuenta_corriente_lag2_-_mpayroll_sobre_edad_delta2	0.000401016981162965	0.000754713998956835	0.00100300902708124	232
Master_mpagominimo_+_mpasivos_margen_delta2/mtarjeta_visa_consumo_lag1	0.000397472946582051	0.000295789181341348	0.00100300902708124	233
mactivos_margen_delta2/mpayroll_lag2_+_mcaja_ahorro_delta1	0.000389377544886847	0.000432394108602046	0.00100300902708124	234
canarito65	0.000388603190536438	0.000864788217204092	0.00100300902708124	235
mcaja_ahorro_delta1/mrentabilidad_delta1/mrentabilidad_annual/Visa_fechaalta_delta1	0.00038784266718494	0.00112953082416801	0.00300902708124373	236
canarito48	0.000386424066721142	0.000394009253008131	0.00100300902708124	237
mcomisiones_delta2/Visa_status_lag2	0.000382613823242152	0.00126049091972372	0.00100300902708124	238
mrentabilidad_annual_lag1_-_ctarjeta_visa_transacciones_delta2	0.000382275099960288	0.000360140262778206	0.00100300902708124	239
mactivos_margen_lag2/Master_mpagominimo_delta2	0.000380745306739381	0.000707861895805439	0.00100300902708124	240
mtarjeta_visa_consumo_-_mactivos_margen_delta2_-_mpasivos_margen_delta2	0.000379441509090825	0.00330674241278171	0.00501504513540622	241
canarito28	0.000378240685345775	0.000423926861044565	0.00100300902708124	242
canarito47	0.000372261154101043	0.000709555345316935	0.00100300902708124	243
mrentabilidad_annual_lag2_-_mcuenta_corriente_lag1	0.000364571179236061	0.000594965261705688	0.00100300902708124	244
mcomisiones_lag2/Visa_mpagominimo_lag2_-_Visa_mpagominimo_lag1	0.000363076114836271	0.000802695068449229	0.00200601805416249	245
ctarjeta_visa_transacciones_lag1_+_mactivos_margen_lag2	0.000361352067202869	0.000356188880584714	0.00100300902708124	246
kmes_lag2/mrentabilidad_annual_delta2	0.000360828032747411	0.00101945660592075	0.00100300902708124	247
mactivos_margen_delta2/mpayroll_lag2_-_cdescubierto_preacordado_delta1	0.000358981851643319	0.000374252342040674	0.00100300902708124	248
mcuentas_saldo_-_mprestamos_personales_delta1	0.000355375471640619	0.000367478543994689	0.00100300902708124	249
mcomisiones_lag2/Master_fechaalta/cliente_antiguedad_delta1	0.00034920031391617	0.000743988818717359	0.00200601805416249	250
canarito49	0.000346412409315699	0.000294095731829851	0.00100300902708124	251
canarito73	0.000330380692677534	0.000650284612414566	0.00200601805416249	252
mcuenta_corriente_lag2/mactivos_margen_lag2/mactivos_margen_lag1	0.000329344775070914	0.00124073400875626	0.00100300902708124	253
mcuentas_saldo/mrentabilidad_lag2_-_ctrx_quarter_delta2	0.00031555617709968	0.000361833712289702	0.00100300902708124	254
canarito95	0.000300597785321207	0.000743988818717359	0.00200601805416249	255
cliente_edad/mtarjeta_visa_consumo_delta2	0.00029409112588737	0.00188650275580684	0.00501504513540622	256
mpasivos_margen_delta1_-_mpayroll_sobre_edad_lag1	0.000293472851320914	0.0017228026363622	0.00401203610832498	257
mprestamos_personales_lag1/mcomisiones_lag2_-_mtarjeta_master_consumo_delta1	0.00028599645727392	0.00044876412054651	0.00100300902708124	258
mcomisiones_lag2/mcomisiones_delta1_-_mcomisiones_delta1	0.000273601582127304	0.000353930947902719	0.00100300902708124	259
canarito66	0.000265072092866715	0.000300305046705338	0.00100300902708124	260
canarito79	0.000260366708348795	0.000433523074943044	0.00100300902708124	261
canarito40	0.000260325971971259	0.00088849651036504	0.00100300902708124	262
mactivos_margen_lag1/cproductos_lag1	0.000257765391021884	0.000398525118372121	0.00100300902708124	263
mrentabilidad_delta2/mcuentas_saldo_lag2/mpasivos_margen_delta1	0.000255936370041167	0.000843902339895638	0.00100300902708124	264
canarito68	0.000250077277440125	0.000311030226944814	0.00100300902708124	265
Visa_fechaalta_delta2/Visa_fechaalta	0.000243066837407853	0.000321190924013791	0.00100300902708124	266
canarito43	0.000219529793144954	0.00102679488713724	0.00200601805416249	267
canarito74	0.00020994259375334	0.0011786408600014	0.00100300902708124	268
canarito22	0.000208610308407473	0.000577466283420226	0.00100300902708124	269
canarito5	0.000201936427726164	0.000374816825211173	0.00100300902708124	270
mpasivos_margen_delta1/mpayroll_lag1/Master_fechaalta_lag2	0.000198006275236921	0.000621495970719129	0.00100300902708124	271
canarito89	0.000195649815014363	0.000297482630852844	0.00100300902708124	272
mcaja_ahorro_lag1/Visa_mpagominimo_lag1/ccomisiones_mantenimiento_lag1	0.000192517865512601	0.000347721633027233	0.00100300902708124	273
Visa_mpagominimo_delta2_+_mactivos_margen_delta2	0.000184067432554527	0.0014049986113714	0.00200601805416249	274
cliente_edad_delta2_-_Master_status_delta1	0.000183682777758569	0.000530049697098331	0.00100300902708124	275
mcuenta_corriente_lag1/mcuentas_saldo_delta1	0.000182349206160067	0.00114420738660098	0.00100300902708124	276
cliente_antiguedad_delta1/cproductos_delta2/mcuenta_corriente_delta2	0.000175410569289539	0.000466263098831971	0.00100300902708124	277
mrentabilidad_annual_lag1/Master_mpagominimo_delta2/chomebanking_transacciones_delta1/kmes_delta1	0.000174304861128239	0.000318368508161298	0.00100300902708124	278
mpayroll_sobre_edad_lag2_-_mrentabilidad_annual/Master_fechaalta_delta2	0.000171807677719439	0.00268806885791507	0.00501504513540622	279
mtarjeta_master_consumo_delta1_-_mrentabilidad_delta2	0.00015850318699056	0.000344899217174739	0.00100300902708124	280
Visa_mpagominimo_lag1/mcomisiones_lag1_-_mcomisiones_delta2	0.000155686641767028	0.00133726063091155	0.00100300902708124	281
cliente_antiguedad_lag1/ctrx_quarter_delta2_+_cdescubierto_preacordado_lag2	0.000150883169136482	0.000331916104253268	0.00100300902708124	282
cdescubierto_preacordado_lag2/mpasivos_margen_lag1	0.000149688195042385	0.000376510274722669	0.00100300902708124	283
mcuentas_saldo_lag1/mtarjeta_visa_consumo_delta1_-_mtarjeta_visa_consumo_lag2	0.000133966707407146	0.00114646531928297	0.00100300902708124	284
mcuentas_saldo_lag2_-_mcaja_ahorro_lag1	0.000132017066194132	0.000432394108602046	0.00100300902708124	285
canarito58	0.000113508836565509	0.00178546026828756	0.00200601805416249	286
cliente_antiguedad_lag1/cliente_edad_lag2	0.000110285396670513	0.000765439179196312	0.00100300902708124	287
canarito18	0.000105102267659575	0.000400218567883617	0.00100300902708124	288
mrentabilidad_lag1/mactivos_margen_delta1_-_mpayroll_delta1	9.17823801481535e-05	0.000476988279071448	0.00100300902708124	289
ctarjeta_visa_transacciones_lag2/mcuenta_corriente/chomebanking_transacciones_lag2	8.37949101813215e-05	0.000302562979387333	0.00100300902708124	290
kmes_-_Master_fechaalta_lag1	8.1377741619716e-05	0.00221728989371911	0.00300902708124373	291
canarito57	7.08635466272747e-05	0.0010860656200396	0.00100300902708124	292
mpayroll_lag1_-_mpayroll_delta1/mcuentas_saldo_lag2	7.04313138976414e-05	0.0022206767927421	0.00401203610832498	293
mcaja_ahorro_lag2_-_mcuentas_saldo_delta1/Master_fechaalta_lag1	6.55023036005521e-05	0.00886407922634195	0.0130391173520562	294
mpayroll_sobre_edad_lag2/ccomisiones_mantenimiento_lag2_-_Master_status_lag1	6.38785895295395e-05	0.00119501087194586	0.00100300902708124	295
mpayroll_sobre_edad_delta1/ccomisiones_mantenimiento_delta1	6.03137252221481e-05	0.000370865443017682	0.00100300902708124	296
mcuenta_corriente_lag2_-_mpayroll_sobre_edad_delta1	5.90917965691784e-05	0.00088849651036504	0.00100300902708124	297
Master_fechaalta_lag2_-_cliente_edad_delta2	5.31882677227292e-05	0.00182045822485848	0.00200601805416249	298
canarito35	4.51161330152054e-05	0.00163869464395789	0.00200601805416249	299
Master_mpagominimo_delta2_-_mtarjeta_visa_consumo_lag2	4.05577975993996e-05	0.00277443478300138	0.00401203610832498	300
mpayroll_sobre_edad_delta2/cliente_edad_delta1_-_mtarjeta_visa_consumo_delta1	3.32345549502589e-05	0.00069826568190696	0.00100300902708124	301
chomebanking_transacciones_lag2/cproductos_lag2	2.36218499255324e-05	0.000335867486446759	0.00100300902708124	302
mrentabilidad_annual/Visa_fechaalta_delta1/mcomisiones/mcomisiones_delta1	2.22454896199244e-05	0.000937606546198432	0.00100300902708124	303
mpasivos_margen_delta2/mtarjeta_visa_consumo_lag1/mtarjeta_visa_consumo_lag2	1.58403307581986e-05	0.000298047114023343	0.00100300902708124	304
mtarjeta_visa_consumo_-_mactivos_margen_delta2/mactivos_margen_delta1/mcuentas_saldo_lag2	1.47869182242089e-05	0.000786889539675264	0.00100300902708124	305
mtarjeta_master_consumo_delta1/mrentabilidad_lag1/cdescubierto_preacordado_lag1	1.15422636727187e-05	0.000996877279100801	0.00100300902708124	306
Master_mpagominimo_lag1_-_mrentabilidad_lag1/cdescubierto_preacordado_lag1	1.06409457838244e-05	0.000800437135767234	0.00100300902708124	307
Master_status_lag1_+_mactivos_margen	5.21104353041743e-06	0.000820758529905189	0.00100300902708124	308
mtarjeta_master_consumo_lag1/chomebanking_transacciones_delta1/mprestamos_personales_lag1/mcomisiones_lag2	4.38527075807903e-06	0.000964137255211873	0.00100300902708124	309
Visa_mpagominimo/mtarjeta_visa_consumo_delta1	3.49657098849455e-06	0.00149080005328721	0.00300902708124373	310
Visa_mpagominimo_delta1/cpayroll_trx_-_mrentabilidad_lag2	3.31521283821112e-06	0.00174425299684115	0.00200601805416249	311
mpayroll_sobre_edad_delta2/mpayroll_delta1/cpayroll_trx	3.19580603395026e-06	0.000785760573334267	0.00100300902708124	312
cpayroll_trx_delta2/mpayroll_sobre_edad_lag2/ccomisiones_mantenimiento_lag2	2.10980591116976e-06	0.00076600366236681	0.00100300902708124	313
mpayroll_sobre_edad_lag1/kmes	1.37417875966549e-06	0.000904302039139005	0.00100300902708124	314
ctarjeta_visa_transacciones_lag2_-_mpayroll_sobre_edad_delta2	8.98341833684743e-07	0.000409814781782096	0.00100300902708124	315
mcomisiones_delta2/Master_mpagominimo_delta1/mpayroll_sobre_edad_lag2	3.81922513996084e-07	0.000591578362682695	0.00100300902708124	316
Visa_mpagominimo_lag1/ccomisiones_mantenimiento_lag1/Master_fechaalta	2.20422471624843e-07	0.000576337317079229	0.00100300902708124	317
Master_mpagominimo_lag1_+_Visa_mpagominimo_lag1	1.23410933814017e-08	0.000810597832836212	0.00200601805416249	318
mrentabilidad_delta2_-_mpayroll_sobre_edad_lag1	1.15611542521739e-08	0.000727618806772895	0.00100300902708124	319
mpayroll_sobre_edad_lag1/mrentabilidad_annual/Master_fechaalta_delta2	6.39847279743616e-09	0.000527227281245837	0.00100300902708124	320
mcomisiones_+_cliente_edad_lag1	3.92621864944675e-09	0.00057577283390873	0.00100300902708124	321
mtarjeta_visa_consumo_delta2/Master_fechaalta_lag1/mtarjeta_visa_consumo_-_mactivos_margen_delta2	3.2019767419259e-09	0.000639559432175089	0.00100300902708124	322
mcomisiones_-_ctarjeta_visa_transacciones_lag2	2.89906237170634e-09	0.000582546631954715	0.00100300902708124	323
ctarjeta_visa_transacciones_delta1_-_mtarjeta_visa_consumo_delta2/Master_fechaalta_lag1	1.58920210125686e-09	0.000511421752471872	0.00100300902708124	324
mrentabilidad/ctarjeta_visa_transacciones_lag1	1.49066975701397e-09	0.000859707868669604	0.00200601805416249	325
mpasivos_margen_delta1/kmes_lag2/mactivos_margen	8.73942795400719e-10	0.000441990322500525	0.00100300902708124	326
cliente_edad_delta2_-_mtarjeta_visa_consumo_lag2	2.82029210902365e-10	0.000618673554866635	0.00100300902708124	327
ctarjeta_visa_transacciones_delta2_-_Visa_status_lag1	2.51707698913876e-10	0.000368043027165188	0.00100300902708124	328
Visa_mpagominimo_lag2_-_kmes_lag1/mactivos_margen_delta1	2.44314539026561e-10	0.000383848555939153	0.00100300902708124	329
mrentabilidad/chomebanking_transacciones_lag1_-_chomebanking_transacciones_lag1	1.23105872056552e-10	0.00033530300327626	0.00100300902708124	330
