Feature	Gain	Cover	Frequency	pos
ctrx_quarter/cproductos_lag2	0.140581372652446	0.0112470103429653	0.0062111801242236	1
ctrx_quarter	0.120692979921044	0.017947472803765	0.0112930547713156	2
mpayroll_sobre_edad/ctarjeta_visa_transacciones_lag1/ccomisiones_mantenimiento	0.0567207796472955	0.0337673536259377	0.0146809712027103	3
mtarjeta_visa_consumo	0.0294780931836798	0.0168122729865104	0.0135516657255788	4
mcaja_ahorro/cliente_antiguedad	0.0210682260796642	0.00211881778257837	0.00395256916996047	5
ctrx_quarter/cproductos_lag2/ccomisiones_mantenimiento	0.0203798581439187	0.00478193846260905	0.00451722190852626	6
mpasivos_margen_lag2	0.0152460109789925	0.00485122437896068	0.00338791643139469	7
mprestamos_personales/cliente_antiguedad_delta1	0.0147613547025364	0.00769134183220403	0.00508187464709204	8
mcaja_ahorro	0.0142570993573787	0.00320833125324305	0.00169395821569735	9
mrentabilidad_annual/mprestamos_personales	0.0103765591796706	0.0142341712693392	0.00790513833992095	10
mactivos_margen/mtarjeta_visa_consumo_lag1/Master_fechaalta_delta2/cdescubierto_preacordado_lag1	0.00948306875079536	0.00263225970418847	0.00338791643139469	11
Visa_fechaalta_delta1/mtarjeta_visa_consumo_lag1/mrentabilidad_annual_delta1	0.00889857569900437	0.00777394032636995	0.00677583286278939	12
mcaja_ahorro_lag1_-_mrentabilidad_delta2	0.00864914286631571	0.00243831965012125	0.00282326369282891	13
Visa_fechaalta_lag1/kmes_delta1	0.00855251552671869	0.0104981778409117	0.0118577075098814	14
ccomisiones_mantenimiento_delta2	0.00852702150369912	0.00488571605784315	0.00225861095426313	15
mrentabilidad_annual_lag2	0.00803291734264953	0.00684054708643645	0.00846979107848673	16
cliente_edad_lag1/ccomisiones_mantenimiento	0.00744745370883292	0.0202632562262775	0.0107284020327499	17
mcaja_ahorro_lag2/cproductos_lag2/chomebanking_transacciones/cliente_edad_lag1	0.00718746035309601	0.00628383928692992	0.00677583286278939	18
mcuentas_saldo/ctrx_quarter/cproductos_lag2	0.00669134904181626	0.0061159192713179	0.00677583286278939	19
canarito11	0.00651761993480062	0.00959927627986064	0.0101637492941841	20
canarito78	0.00639881506339817	0.0173499195950556	0.00903444381705251	21
chomebanking_transacciones/cliente_edad_lag1	0.00619362095358759	0.00909793670171808	0.00734048560135517	22
mrentabilidad_annual_lag1/Visa_fechaalta_lag1	0.00567701348905651	0.00312210205603688	0.00564652738565782	23
mcomisiones_lag2/ctarjeta_visa_transacciones_lag2	0.00562453186574037	0.00333298539095864	0.00451722190852626	24
Visa_fechaalta_lag1/ctrx_quarter_lag2	0.00551813144713029	0.00311272273984954	0.00395256916996047	25
cproductos_delta2/Visa_mpagominimo_lag1	0.00544731557587623	0.00233030623467352	0.00225861095426313	26
Visa_fechaalta_delta1/mactivos_margen_lag1/Visa_fechaalta_lag2	0.00485388137917158	0.0042388457995035	0.0062111801242236	27
mrentabilidad_annual_lag1/Visa_fechaalta_lag1/Master_mpagominimo	0.00478877260802278	0.0043035933370548	0.00338791643139469	28
ctrx_quarter_delta1	0.00469205066201127	0.0109995174190542	0.00677583286278939	29
mtarjeta_visa_consumo_lag1/ctarjeta_visa_transacciones_lag2	0.00454093929012362	0.00276810850961153	0.00395256916996047	30
mrentabilidad_annual	0.00448766467367148	0.00485576275776101	0.00451722190852626	31
mtarjeta_visa_consumo/mcomisiones_lag2/Visa_fechaalta_lag1	0.00446258811633173	0.00409724838093336	0.00451722190852626	32
mcomisiones_delta2/mcaja_ahorro	0.00420753570394158	0.00575194129153184	0.0062111801242236	33
cdescubierto_preacordado_lag1/Visa_mpagominimo	0.00409323811928448	0.00274692940854335	0.00451722190852626	34
mpasivos_margen_-_cpayroll_trx_delta2	0.00406376254195363	0.000803898164830892	0.00112930547713156	35
ctrx_quarter_lag2/mpayroll	0.00401002469392769	0.0090377275429671	0.00508187464709204	36
mtarjeta_visa_consumo_lag2/mtarjeta_visa_consumo/mactivos_margen_lag2/ctarjeta_visa_transacciones_lag2/mcaja_ahorro_lag1/mpasivos_margen_lag2	0.00397192526464039	0.0108325050792023	0.0062111801242236	37
cproductos_delta1	0.00388935823903516	0.0112037444650689	0.00395256916996047	38
ccomisiones_mantenimiento/mcomisiones_lag2/Visa_fechaalta_lag1	0.00384078707094178	0.00127256141561112	0.00225861095426313	39
mcuenta_corriente/mpasivos_margen_lag1	0.00379642032424266	0.0101502354662201	0.00508187464709204	40
Visa_mpagominimo_delta2/ccomisiones_mantenimiento_lag1/ccomisiones_mantenimiento_lag2	0.0037157548490688	0.00927463091634406	0.00508187464709204	41
mprestamos_personales_delta1/mprestamos_personales	0.00349796715499611	0.0126351491386913	0.00508187464709204	42
Visa_mpagominimo/kmes	0.00342872577326812	0.00332905212933169	0.00508187464709204	43
Visa_mpagominimo/ctrx_quarter_lag1/mpasivos_margen/mpayroll_sobre_edad_lag2	0.00342723464189119	0.00852640353146382	0.0062111801242236	44
mpasivos_margen_delta2/mcuentas_saldo	0.00342018553443033	0.00354719687033398	0.00564652738565782	45
canarito87	0.00334559115466143	0.00790071237419236	0.0062111801242236	46
mrentabilidad_annual_delta1/Master_mpagominimo_lag2/cliente_antiguedad_lag1	0.00332529455216511	0.00485485508200094	0.00338791643139469	47
canarito24	0.00332058392115646	0.00357503226030931	0.00564652738565782	48
mcuentas_saldo/mcomisiones_lag2/ctarjeta_visa_transacciones_lag2	0.00331070028387551	0.0118339740011406	0.00564652738565782	49
canarito70	0.00323294122829832	0.00379529491141841	0.0062111801242236	50
mactivos_margen_lag2/ctarjeta_visa_transacciones_lag2	0.00310462616967361	0.00495802756006166	0.00395256916996047	51
cliente_antiguedad_lag1/mcuentas_saldo_lag1	0.00307474828873407	0.00162110890747607	0.00338791643139469	52
chomebanking_transacciones_delta2	0.00299227650560645	0.00627355229498252	0.00451722190852626	53
canarito34	0.00294244115789904	0.00494441242366069	0.00564652738565782	54
canarito108	0.00290319131444258	0.00746200242349428	0.00564652738565782	55
canarito106	0.00282071597237321	0.00651106078553286	0.00508187464709204	56
canarito85	0.0028141158454133	0.00257114286967743	0.00451722190852626	57
canarito33	0.00278679897956035	0.00766986017254916	0.00508187464709204	58
canarito10	0.00276942284828841	0.00546178760689773	0.00451722190852626	59
mcomisiones_lag1/cliente_edad_lag2	0.00274531557991225	0.00387547293689082	0.00282326369282891	60
mactivos_margen_lag2/mtarjeta_visa_consumo/cliente_edad_lag2	0.00274351488831903	0.00301892957797616	0.00338791643139469	61
canarito20	0.00265536572602562	0.0026313520284284	0.00451722190852626	62
Master_mpagominimo	0.0025982523484845	0.00624238876055362	0.00282326369282891	63
Master_fechaalta_lag1	0.00258928120498438	0.00222834399095955	0.00225861095426313	64
ctrx_quarter_delta2/kmes_delta2/ccomisiones_mantenimiento_lag2	0.00251776245179847	0.00103717083516759	0.00169395821569735	65
mrentabilidad_annual_delta2/cproductos	0.00251677957964124	0.00187798114757446	0.00395256916996047	66
mcuentas_saldo_lag1	0.00248559361733191	0.00161233470846211	0.00225861095426313	67
mcomisiones/mpayroll	0.00247741247539862	0.00633345889514681	0.00282326369282891	68
mcuentas_saldo_delta1/mcuentas_saldo_lag1/cliente_edad_lag2	0.00247648617168393	0.00235844418323553	0.00338791643139469	69
Visa_fechaalta_lag2	0.00246614834621355	0.00286190167148491	0.00282326369282891	70
canarito109	0.00244392643478169	0.00635373032045493	0.00508187464709204	71
mactivos_margen_lag2/mtarjeta_visa_consumo/cpayroll_trx_lag2	0.00240568453020949	0.00788437421051119	0.00677583286278939	72
canarito94	0.00237320536793516	0.00372721922941354	0.00395256916996047	73
Visa_fechaalta	0.00237237280517511	0.00348577747723625	0.00338791643139469	74
cliente_antiguedad	0.00234025296314076	0.00458739329136846	0.00451722190852626	75
ccomisiones_mantenimiento_delta1/ctrx_quarter_lag2	0.00229466033321608	0.00295508971618492	0.00169395821569735	76
canarito80	0.00228070500358032	0.00483458365669282	0.00451722190852626	77
mactivos_margen_delta1	0.00227821327909561	0.0035232947419856	0.00395256916996047	78
cliente_edad_lag2/ctarjeta_visa_transacciones	0.00223403410246618	0.00711436260738939	0.00790513833992095	79
mactivos_margen_delta1_-_mcaja_ahorro_lag2/cproductos_lag2	0.00222782783017302	0.00275056011158361	0.00282326369282891	80
mcaja_ahorro_lag1/mpasivos_margen_lag1/ctarjeta_visa_transacciones_delta2	0.00218731202020275	0.00264163902037581	0.00282326369282891	81
canarito44	0.00218625413370745	0.00627839323236953	0.00451722190852626	82
Master_fechaalta_lag1/mtarjeta_visa_consumo_lag1/mrentabilidad_annual_delta1/mcomisiones_delta1/mrentabilidad/cliente_edad_lag1	0.00217364234385708	0.00246191921988294	0.00451722190852626	83
mpayroll_sobre_edad_lag1/Master_fechaalta_delta1/cpayroll_trx	0.00216230675788911	0.00320106984716253	0.00112930547713156	84
canarito43	0.00216204952918082	0.00233151646902027	0.00451722190852626	85
mcaja_ahorro/cliente_antiguedad/mcaja_ahorro_lag1_-_mrentabilidad_delta2	0.00214962145343099	0.00268974583565925	0.00508187464709204	86
ccallcenter_transacciones_delta2	0.00214287202353057	0.00933090681346809	0.00338791643139469	87
mcaja_ahorro_delta2/mcomisiones/Master_fechaalta_delta1	0.00212512404629052	0.00482611201626555	0.00395256916996047	88
Visa_mpagominimo_lag2/mactivos_margen_lag1/Visa_fechaalta_lag2	0.00211842722922496	0.00206587002990792	0.00338791643139469	89
cproductos	0.00209428212416482	0.00150916223040139	0.00282326369282891	90
mactivos_margen_lag1/Visa_fechaalta_lag2	0.00208875012082077	0.000594830181429257	0.00169395821569735	91
Visa_mpagominimo_lag2	0.00208689139249496	0.00494622777518082	0.00282326369282891	92
mpasivos_margen_lag1/Visa_fechaalta_lag2	0.0020818337314329	0.000519190534757174	0.00112930547713156	93
canarito72	0.00207289455194271	0.00281439997337484	0.00395256916996047	94
mrentabilidad_lag1	0.00205132198725782	0.00261319851322711	0.00395256916996047	95
mpayroll/mtarjeta_master_consumo/cproductos_delta2	0.0020495324135811	0.000192124702547089	0.000564652738565782	96
mrentabilidad_lag2	0.00204356524652601	0.000634162797698739	0.00169395821569735	97
canarito68	0.00203555405052269	0.00257689148282451	0.00338791643139469	98
mcuenta_corriente	0.00203425107904784	0.00508843031092433	0.00225861095426313	99
mcomisiones/ctarjeta_visa_transacciones_lag1/mtarjeta_visa_consumo_lag1/mrentabilidad_annual_delta1/cdescubierto_preacordado_lag1	0.00201535470562635	0.00162746263779653	0.00338791643139469	100
mrentabilidad_delta2/mcomisiones_lag2/ccomisiones_mantenimiento_lag2	0.00196034226384737	0.00482822992637237	0.00282326369282891	101
Visa_fechaalta_lag2/kmes_delta2	0.00195556632112163	0.00353539708545313	0.00338791643139469	102
chomebanking_transacciones_lag2/mcaja_ahorro/cproductos_lag1/mcuentas_saldo_lag2	0.00188238599531503	0.0018510534333592	0.00282326369282891	103
mcomisiones_lag2/Visa_fechaalta_lag2	0.00187303737585559	0.00121477272555364	0.00225861095426313	104
canarito101	0.0018686646615675	0.00192669308003128	0.00395256916996047	105
canarito96	0.00186354418427723	0.000958505602628629	0.00282326369282891	106
Visa_fechaalta_delta1/cproductos_delta2/mcomisiones_lag2/Visa_fechaalta_lag1	0.00185921918182773	0.00558553406885326	0.00225861095426313	107
mtarjeta_visa_consumo_lag2/mtarjeta_visa_consumo_-_mpasivos_margen_lag1/Visa_fechaalta_lag2	0.00185875352424457	0.00207766981478876	0.00395256916996047	108
mrentabilidad	0.00183975238678172	0.00410299699408044	0.00282326369282891	109
mcomisiones_delta2/mcaja_ahorro/mactivos_margen_lag2	0.0017657483442095	0.00164470847723776	0.00282326369282891	110
mrentabilidad_annual_delta2	0.0017647890009473	0.00156453045176535	0.00282326369282891	111
mpayroll_sobre_edad/ctarjeta_visa_transacciones_lag1/Visa_mpagominimo/kmes	0.001748001563814	0.0114624320566874	0.0118577075098814	112
mpayroll_sobre_edad/ctarjeta_visa_transacciones_lag1/Visa_mpagominimo/kmes/ctarjeta_visa_transacciones_lag2	0.00173323204206443	0.00641272924485915	0.00451722190852626	113
canarito102	0.00170055401782372	0.00171944044814978	0.00282326369282891	114
ccallcenter_transacciones	0.00165925704871674	0.00232970111750014	0.00112930547713156	115
ctrx_quarter_lag2	0.00163418602616585	0.00209007471684298	0.00169395821569735	116
mprestamos_personales_delta2	0.00163183504604472	0.0060693252489679	0.00338791643139469	117
mcaja_ahorro/mactivos_margen_delta1	0.00162952278527627	0.00270063794478003	0.00282326369282891	118
mtarjeta_master_consumo	0.00162534781427604	0.00161566285291568	0.00169395821569735	119
canarito92	0.00162182360393172	0.00155182299112444	0.00282326369282891	120
canarito76	0.00161301112035085	0.00326339691602033	0.00282326369282891	121
canarito18	0.00160163523193558	0.00115214309810916	0.00338791643139469	122
mpayroll_sobre_edad/mactivos_margen_lag1/ccomisiones_mantenimiento/mcomisiones_lag2/Visa_fechaalta_lag1	0.00159663733068963	0.00228734291536377	0.00225861095426313	123
mtarjeta_visa_consumo_lag1_-_mrentabilidad_annual_lag2	0.00159580504486257	0.00125592069334326	0.00338791643139469	124
mcaja_ahorro_delta2/mcomisiones_delta2	0.00157540256535981	0.00143473281807606	0.00282326369282891	125
mcomisiones_delta2/mcaja_ahorro/mactivos_margen_lag2/mcaja_ahorro_lag1/mpasivos_margen_lag2	0.00155866508890373	0.00176663958767316	0.00282326369282891	126
ccomisiones_mantenimiento_lag2/Visa_mpagominimo/ctrx_quarter_lag1	0.00154749066438622	0.00325341248265961	0.00282326369282891	127
cproductos_lag1/mcuentas_saldo_lag2	0.00154375338883997	0.00117816313656436	0.00225861095426313	128
canarito38	0.00152385032433362	0.00493170496301978	0.00395256916996047	129
Visa_mpagominimo_lag2/mtarjeta_visa_consumo_delta2	0.00149173203404566	0.00104655015135493	0.00225861095426313	130
Visa_mpagominimo_lag2/cdescubierto_preacordado_lag1/Visa_mpagominimo	0.00148241581711989	0.002849194210844	0.00282326369282891	131
mrentabilidad_annual_lag1/Visa_fechaalta_lag1/chomebanking_transacciones_delta2/mcaja_ahorro_lag1	0.0014739720155467	0.00207827493196214	0.00225861095426313	132
mrentabilidad_annual_lag2/mpasivos_margen_delta2	0.00146882811812363	0.00127800747017151	0.00225861095426313	133
mcaja_ahorro_lag1/mpasivos_margen_lag1/ctarjeta_visa_transacciones_delta2/Master_fechaalta_delta1	0.00145841560637988	0.00266342323861737	0.00282326369282891	134
mtarjeta_visa_consumo_delta2/mcomisiones_lag2	0.00145645729280632	0.00280955903598783	0.00282326369282891	135
chomebanking_transacciones_delta2/mcaja_ahorro_lag1/mcuentas_saldo/chomebanking_transacciones_delta1/ctrx_quarter_lag1/mtarjeta_visa_consumo_lag1/mrentabilidad_annual_delta1	0.00144702364064928	0.00385187336712913	0.00395256916996047	136
mactivos_margen/Master_mpagominimo_delta2	0.00143408991007637	0.00265434648101672	0.00225861095426313	137
mpasivos_margen_delta1/mcuenta_corriente_lag2	0.00143374195308934	0.00223046190106637	0.00338791643139469	138
mpayroll_sobre_edad	0.00143025314203145	0.00443429864650416	0.00338791643139469	139
canarito61	0.00142904550592127	0.00105381155743545	0.00225861095426313	140
canarito69	0.0014205874192121	0.00511687081807304	0.0062111801242236	141
chomebanking_transacciones_delta1/ctrx_quarter_lag1	0.00141170312719365	0.00169584087838809	0.00169395821569735	142
canarito83	0.00140638420717857	0.00172912232292381	0.00225861095426313	143
canarito73	0.00139832401983451	0.00171490206934945	0.00338791643139469	144
canarito56	0.00139552226862283	0.0020843261036959	0.00282326369282891	145
canarito75	0.00139434061536942	0.00188463743648161	0.00225861095426313	146
chomebanking_transacciones_delta2/mcaja_ahorro_lag1	0.00138607011721269	0.00446031868495936	0.00508187464709204	147
canarito8	0.0013723637814882	0.00258899382629204	0.00225861095426313	148
mcomisiones_lag2/ctarjeta_visa_transacciones_lag2/Visa_fechaalta	0.001368914979621	0.000445063681018533	0.00112930547713156	149
canarito53	0.00134765255646765	0.00159297095891406	0.00225861095426313	150
cliente_antiguedad_lag2/mactivos_margen_lag2	0.00134176329559077	0.00153518226885659	0.00338791643139469	151
canarito64	0.00133446667124644	0.00326642250188721	0.00338791643139469	152
mactivos_margen_delta1/mcomisiones_delta1/mrentabilidad/cliente_edad_lag1	0.00133060702611055	0.00112703073541403	0.00282326369282891	153
Visa_fechaalta_lag1	0.00131086489344551	0.00194000565784557	0.00225861095426313	154
mprestamos_personales	0.00130616980939291	0.00383462752768789	0.00169395821569735	155
chomebanking_transacciones_delta1/ctrx_quarter_lag1/mtarjeta_visa_consumo_lag1/mrentabilidad_annual_delta1	0.00130497720287694	0.00187737603040109	0.00282326369282891	156
mpasivos_margen_lag1	0.00130215048100985	0.00132550916828157	0.00225861095426313	157
canarito48	0.00129522990040538	0.00142656373623548	0.00225861095426313	158
cproductos_lag1/chomebanking_transacciones_delta1/Visa_mpagominimo/ccallcenter_transacciones_delta1	0.00125799500710739	0.00224589238898747	0.00112930547713156	159
mcaja_ahorro_lag1/mcuenta_corriente_delta2/mcuenta_corriente_lag2	0.00124957733040913	0.00480735338389087	0.00225861095426313	160
mpasivos_margen_-_Visa_mpagominimo_lag2	0.001218420517468	0.000818723535578621	0.00169395821569735	161
canarito99	0.00120191250211952	0.00186043274954654	0.00225861095426313	162
canarito54	0.00120090346660444	0.000965161891535772	0.00225861095426313	163
ccomisiones_mantenimiento_lag1/mprestamos_personales_delta1/mprestamos_personales/mcaja_ahorro_delta2	0.00120015815531953	0.000965767008709149	0.00112930547713156	164
canarito13	0.00119980095599794	0.00256327634642353	0.00282326369282891	165
mtarjeta_visa_consumo/mcomisiones	0.00119964740559984	0.00480765594247756	0.00395256916996047	166
canarito29	0.00119725906191502	0.00146861937978515	0.00225861095426313	167
canarito9	0.00119585454277459	0.000871671288249078	0.00225861095426313	168
mcomisiones_lag2/Visa_fechaalta_lag2/kmes_delta1	0.00119522052976849	0.00438104833524702	0.00338791643139469	169
mcomisiones_delta1/mrentabilidad	0.00117592648712551	0.00043477668907113	0.00112930547713156	170
canarito21	0.00117530388380159	0.000921896013639341	0.00225861095426313	171
ccallcenter_transacciones/mactivos_margen_lag1	0.00117502832865812	0.00242440195513359	0.00112930547713156	172
mpasivos_margen_delta2/Visa_mpagominimo/kmes	0.00116574283856675	0.00411570445472135	0.00282326369282891	173
mactivos_margen_lag2	0.00115159922901898	0.00241078681873261	0.00225861095426313	174
cdescubierto_preacordado_lag2/mtarjeta_visa_consumo_delta2	0.00113464982030082	0.000496196082168861	0.00112930547713156	175
canarito4	0.00109984808302852	0.00114820983648221	0.00169395821569735	176
canarito77	0.0010913113358615	0.00150613664453451	0.00169395821569735	177
Visa_mpagominimo_lag2/cdescubierto_preacordado_lag1/Visa_mpagominimo/mcaja_ahorro_lag2/cproductos_lag2	0.00108766547194554	0.000701330803943549	0.00169395821569735	178
canarito42	0.00108649070394531	0.000672587738208157	0.00169395821569735	179
mcomisiones_lag2/ctarjeta_visa_transacciones_delta2	0.00108076930666712	0.00156301765883191	0.00282326369282891	180
canarito63	0.00107951948026819	0.00113943563746825	0.00225861095426313	181
cliente_antiguedad_lag2	0.00107857270508551	0.00183229480098453	0.00169395821569735	182
mcomisiones_lag1	0.00107255531405111	0.000762145079867903	0.00169395821569735	183
cliente_edad_lag2	0.00106858926320351	0.00192185214264427	0.00112930547713156	184
mrentabilidad_annual_delta1	0.0010601777376134	0.0018174694302368	0.00169395821569735	185
mpasivos_margen_delta1/ctarjeta_visa_transacciones_lag2	0.0010584700981474	0.000729166193918875	0.00169395821569735	186
mcaja_ahorro_lag1/mtarjeta_visa_consumo_lag2/mtarjeta_visa_consumo	0.00105037192992479	0.00333510330106546	0.00395256916996047	187
ctrx_quarter_delta2	0.00103487193366933	0.001252289990303	0.00225861095426313	188
canarito90	0.00103296193603836	0.00378349512653756	0.00225861095426313	189
canarito81	0.00102751922044001	0.00147436799293223	0.00225861095426313	190
canarito15	0.00102709445046608	0.0013091710046004	0.00282326369282891	191
mrentabilidad_annual_lag1/ctrx_quarter_lag1	0.00102553387475538	0.00164349824289101	0.00169395821569735	192
Visa_mpagominimo	0.00101732228403383	0.00436289482004572	0.00395256916996047	193
mtarjeta_visa_consumo_lag1/mrentabilidad_annual_delta1/mcuenta_corriente	0.00101597481099695	0.000410874560722752	0.00112930547713156	194
mactivos_margen/mrentabilidad_annual_lag1/ctrx_quarter_lag1	0.00101554262616246	0.00157058162349912	0.00225861095426313	195
mpasivos_margen_lag1/ctarjeta_visa_transacciones_delta2	0.00101417536391106	0.00129495075102605	0.00169395821569735	196
cproductos_lag1/chomebanking_transacciones_delta1	0.00101373094958434	0.000655341898766922	0.00169395821569735	197
canarito23	0.00100304805782299	0.00103232989778058	0.00225861095426313	198
Visa_mpagominimo/ctrx_quarter_lag1	0.00100126584320581	0.00255056888578262	0.00225861095426313	199
Visa_mpagominimo_lag1/ccallcenter_transacciones_delta1	0.000995171763234743	0.00103232989778058	0.00112930547713156	200
mcuenta_corriente_delta2/Visa_mpagominimo_delta2	0.000985460964085489	0.00204257301873291	0.00169395821569735	201
canarito95	0.000981304941882073	0.00146468611815821	0.00225861095426313	202
mcuenta_corriente_lag2	0.000959617633048103	0.000158540699424685	0.000564652738565782	203
cdescubierto_preacordado	0.000956267659790823	0.0026029115212797	0.00112930547713156	204
canarito58	0.000953286124618548	0.000760027169761085	0.00169395821569735	205
canarito2	0.000945510036295091	0.00170612787033549	0.00169395821569735	206
mpasivos_margen_delta1/mrentabilidad_lag1	0.000940263999056538	0.00356020688956158	0.00225861095426313	207
mactivos_margen_lag1/cdescubierto_preacordado_lag1	0.000929622654465749	0.00130342239145333	0.00169395821569735	208
canarito37	0.000922884955373862	0.00306945686195311	0.00225861095426313	209
mcuentas_saldo/chomebanking_transacciones_delta1/ctrx_quarter_lag1/mtarjeta_visa_consumo_lag1/mrentabilidad_annual_delta1	0.00091420662559413	0.00264738763352289	0.00225861095426313	210
canarito12	0.000899110813613136	0.000783929298109463	0.00169395821569735	211
mcaja_ahorro_lag2/mcuentas_saldo_delta1	0.000896879073146454	0.000850189628594207	0.00169395821569735	212
canarito52	0.000894604867072624	0.000438104833524702	0.00112930547713156	213
canarito17	0.000889448761089617	0.00101538661692604	0.00225861095426313	214
mactivos_margen/mactivos_margen_lag2/ctarjeta_visa_transacciones_lag2	0.000880757502073826	0.00400406033623336	0.00225861095426313	215
canarito45	0.000873064919107924	0.00516013669596947	0.00846979107848673	216
canarito103	0.000868092382478334	0.00518645929301135	0.00225861095426313	217
mtarjeta_visa_consumo_delta2	0.000864496437403219	0.00128284840755852	0.00112930547713156	218
canarito59	0.000863411957156947	0.00171278415924264	0.00112930547713156	219
mpasivos_margen_lag1/mrentabilidad_annual_delta2	0.000859806489344657	0.000727653400985433	0.00169395821569735	220
canarito3	0.000857235567831929	0.00143685072818288	0.00225861095426313	221
ctrx_quarter_lag2/kmes_lag2	0.000849910403168259	0.00179538265340855	0.00282326369282891	222
mactivos_margen/mtarjeta_visa_consumo_lag1/Master_fechaalta_delta2	0.00083025135124908	0.00110857466162604	0.00169395821569735	223
mcomisiones/ctarjeta_visa_transacciones_lag1	0.00082601553986775	0.00097091050468285	0.00169395821569735	224
ctrx_quarter_delta1/ctarjeta_visa_transacciones_delta2	0.000824595050807043	0.000910398787345185	0.00169395821569735	225
canarito30	0.000816304038019598	0.0041429347275233	0.00677583286278939	226
Master_fechaalta	0.000811855095265285	0.00255268679588944	0.00225861095426313	227
canarito65	0.000806544563518359	0.000598460884469517	0.00169395821569735	228
cliente_edad_lag1	0.000799328842355807	0.000589989244042243	0.00169395821569735	229
canarito28	0.000798626310880024	0.002369638850943	0.00169395821569735	230
mactivos_margen_lag2/mtarjeta_visa_consumo/mcomisiones_delta1/mrentabilidad	0.000794142769358194	0.000508298425636394	0.00112930547713156	231
mcuentas_saldo	0.000785938762096466	0.00030981999276885	0.000564652738565782	232
mrentabilidad_delta1/mcuentas_saldo_delta1/mcuentas_saldo_lag1	0.000784508369630792	0.000688018226129262	0.00112930547713156	233
ctrx_quarter_lag2/mpayroll_sobre_edad/ctarjeta_visa_transacciones_lag1/Visa_mpagominimo/kmes	0.00077668815354188	0.00412689912242882	0.00451722190852626	234
mtarjeta_visa_consumo_lag1/mcuenta_corriente_lag1	0.000761082393411403	0.000822354238618881	0.00225861095426313	235
mcuenta_corriente_lag1/mpayroll_sobre_edad/Visa_fechaalta_lag1/mactivos_margen_lag2/mtarjeta_visa_consumo/chomebanking_transacciones_delta2	0.000759485492492223	0.000800570020377321	0.00112930547713156	236
chomebanking_transacciones/cliente_edad_lag1/mactivos_margen_delta2	0.000755952979964607	0.00160174515792802	0.00169395821569735	237
canarito104	0.000752696530137524	0.000516164948890291	0.00169395821569735	238
mcuentas_saldo_lag2/ccomisiones_mantenimiento_lag1	0.000746246108340203	0.000403008037468855	0.000564652738565782	239
Master_fechaalta_lag2	0.000745846346733933	0.00115577380114942	0.00112930547713156	240
mcomisiones_lag1/mtarjeta_visa_consumo_delta1/mtarjeta_visa_consumo_lag2	0.000736911408970584	0.000514349597370161	0.00112930547713156	241
mcuentas_saldo_delta1/kmes_delta1	0.000722191577559264	0.00100812521084552	0.00112930547713156	242
mcuentas_saldo_lag2	0.000719704016250891	0.00105986272916922	0.00112930547713156	243
mcuenta_corriente_lag2_-_mcuentas_saldo_delta1	0.000719547277797646	0.000665628890714326	0.00112930547713156	244
Visa_mpagominimo_delta2/mpayroll_sobre_edad/ctarjeta_visa_transacciones_lag1	0.00071448705478092	0.000169432808545465	0.000564652738565782	245
canarito71	0.000711073902754668	0.000782113946589333	0.00112930547713156	246
chomebanking_transacciones_lag2	0.000709692549968505	0.000571533170254255	0.00169395821569735	247
canarito51	0.000691148687008165	0.000586358541001983	0.00112930547713156	248
canarito36	0.000690433696215089	0.00129555586819943	0.00225861095426313	249
cproductos/mtarjeta_visa_consumo/mcomisiones	0.000674889845920857	0.000867435468035442	0.00169395821569735	250
mpayroll_sobre_edad_delta1/cpayroll_trx	0.000673104900681109	0.0048016047707438	0.00169395821569735	251
canarito66	0.000671733058547429	0.000966069567295837	0.00169395821569735	252
canarito26	0.000671417599751478	0.000240836635003911	0.000564652738565782	253
mtarjeta_visa_consumo_lag1/mrentabilidad_annual_delta1/cdescubierto_preacordado_lag1	0.000670051739540262	0.00640213969432506	0.00225861095426313	254
mpasivos_margen/ctrx_quarter_delta1	0.000668535478168057	0.00335658496072033	0.0062111801242236	255
ctrx_quarter/cproductos_lag2/mpasivos_margen_delta1/mrentabilidad_lag1	0.000663422270948549	0.000914332048972133	0.00112930547713156	256
canarito6	0.000660686357138046	0.000701633362530237	0.00169395821569735	257
mrentabilidad_annual_lag1	0.000660333713745284	0.000514652155956849	0.00112930547713156	258
canarito50	0.000656813805551264	0.000709499885784134	0.00169395821569735	259
Master_status	0.000655821096454873	0.00027169761084612	0.000564652738565782	260
mprestamos_personales_lag2	0.000655671294614748	0.00077182695464193	0.000564652738565782	261
mcomisiones_lag2	0.000631399812364913	0.000953664665241616	0.00282326369282891	262
mcuentas_saldo_delta1/mcuentas_saldo_lag1	0.000631185896230727	0.00125501301758319	0.00112930547713156	263
mcomisiones_lag1/mtarjeta_visa_consumo_delta1	0.000626307692842587	0.000567297350040619	0.00112930547713156	264
Master_fechaalta/mrentabilidad_annual_lag2/mpasivos_margen_delta2/chomebanking_transacciones_delta1	0.000622608326974652	0.00060330182185653	0.00112930547713156	265
Visa_mpagominimo/mpasivos_margen_lag1	0.000620717846121012	0.000955782575348434	0.00112930547713156	266
canarito100	0.000618239638364127	0.000940654646014018	0.00112930547713156	267
Visa_fechaalta_lag2/kmes_delta2/mpayroll_sobre_edad/ctarjeta_visa_transacciones_lag1/Visa_mpagominimo/kmes	0.000609015429332058	0.00107952903730396	0.00112930547713156	268
Visa_mpagominimo_delta1	0.000592562616855928	0.000488027000328276	0.00112930547713156	269
cliente_antiguedad_lag1	0.000592161513848863	0.000344311671651319	0.00112930547713156	270
canarito86	0.000582800868645851	0.00085866126902148	0.00112930547713156	271
mtarjeta_visa_consumo/chomebanking_transacciones_lag1	0.000569003117349427	0.000393023604108141	0.00112930547713156	272
mcomisiones_lag2/Visa_fechaalta_lag1	0.000565752067924471	0.000582122720788347	0.00112930547713156	273
mactivos_margen_lag2/mcaja_ahorro_lag2	0.000561255651618608	0.000389090342481192	0.00112930547713156	274
mcaja_ahorro_lag2/mrentabilidad_annual_lag2	0.000560426303386592	0.000447786708298728	0.00112930547713156	275
canarito110	0.000554038740113908	0.000995115191617917	0.00169395821569735	276
cproductos_lag2	0.00055046042056185	0.00320106984716253	0.00112930547713156	277
mactivos_margen_lag2/mtarjeta_visa_consumo	0.000537707082715882	0.000353085870665281	0.00112930547713156	278
Visa_mpagominimo_delta2/cproductos_delta2	0.000533305886284291	0.00101296614823253	0.00112930547713156	279
mcuenta_corriente_delta2/mcuenta_corriente_lag2/mcaja_ahorro_delta1	0.000522581423182985	0.000247190365324366	0.000564652738565782	280
Master_mpagominimo_lag1	0.000519916410259543	0.000918870427772458	0.000564652738565782	281
mcomisiones_delta2	0.000519039762543642	0.000758816935414331	0.00112930547713156	282
canarito31	0.000514172356827666	0.000730981545439005	0.00112930547713156	283
canarito82	0.000509618995998695	0.000421161552670155	0.000564652738565782	284
mcuentas_saldo_delta2/Visa_mpagominimo_delta2	0.000498522179372225	0.00162776519638321	0.00112930547713156	285
canarito93	0.00049277155791033	0.000838389843713362	0.00112930547713156	286
canarito25	0.000490508554345841	0.000187283765160076	0.000564652738565782	287
mcomisiones_delta1/mrentabilidad/Visa_mpagominimo_lag2	0.000489917757930868	0.000167617457025335	0.000564652738565782	288
canarito27	0.000480767495128205	0.000564876881347112	0.00112930547713156	289
kmes_lag1/Visa_mpagominimo_lag2	0.000478689629042798	0.000907070642891613	0.00112930547713156	290
mtarjeta_visa_consumo_lag2/mcuentas_saldo/chomebanking_transacciones_delta1/ctrx_quarter_lag1/mtarjeta_visa_consumo_lag1/mrentabilidad_annual_delta1	0.000477874879118533	0.000700120569596795	0.000564652738565782	291
canarito5	0.000475946996143629	0.00164289312571763	0.00112930547713156	292
canarito22	0.000471207537102574	0.00144774283730366	0.00112930547713156	293
canarito62	0.000461568001381137	0.00166770292982607	0.00112930547713156	294
mpayroll_lag2	0.000459111683834067	0.00238900260049105	0.00225861095426313	295
canarito79	0.000457632887344668	0.000829313086112712	0.00169395821569735	296
mcaja_ahorro/mcomisiones_delta1	0.000454634107317128	0.000453535321445806	0.00112930547713156	297
mcuentas_saldo_lag1/mrentabilidad_annual_lag1/ctrx_quarter_lag1	0.000454236986216026	0.000681059378635431	0.00112930547713156	298
mactivos_margen_delta2_-_mcomisiones	0.000452656894630108	0.000706171741330562	0.00112930547713156	299
mcomisiones/Master_fechaalta_delta1	0.00044779297534773	0.000360044718159113	0.00112930547713156	300
canarito60	0.000437569688586666	0.000370029151519827	0.00112930547713156	301
ccomisiones_mantenimiento_lag1/mprestamos_personales_delta1	0.000434317057522206	0.000528569850944512	0.000564652738565782	302
mpayroll_lag1/cdescubierto_preacordado_lag1	0.000431935611892934	0.00101024312095233	0.00112930547713156	303
mtarjeta_visa_consumo/mcomisiones/Visa_fechaalta_lag1/ctrx_quarter_lag2	0.000431719554926526	0.000705566624157185	0.00169395821569735	304
internet	0.000425714013735719	0.00141113324831437	0.000564652738565782	305
mpasivos_margen_delta1	0.000419324933834209	0.00106440110796954	0.00112930547713156	306
Master_mpagominimo_delta1	0.000414263816550285	0.000367608682826321	0.000564652738565782	307
mactivos_margen_lag2/ctarjeta_visa_transacciones_lag2/mcaja_ahorro_lag1/mpasivos_margen_lag2	0.000411954025590728	0.000324947922103266	0.00112930547713156	308
chomebanking_transacciones_delta2/mcaja_ahorro_lag1/ccomisiones_mantenimiento_lag2	0.000411531757756481	0.000181837710599686	0.000564652738565782	309
mpasivos_margen/ctrx_quarter_delta1/mpayroll_sobre_edad_lag1/Master_fechaalta_delta1/cpayroll_trx	0.000405416472648422	0.00102204290583318	0.00225861095426313	310
ctrx_quarter_delta2/kmes_delta2	0.000403835235044139	0.000208160307641571	0.000564652738565782	311
canarito88	0.000394697902861751	0.000167920015612023	0.000564652738565782	312
mrentabilidad_delta2	0.000394306105067408	0.00042206922843022	0.00112930547713156	313
kmes_delta2/ctarjeta_visa_transacciones_lag2	0.000374011375698326	0.000694977073623094	0.000564652738565782	314
canarito67	0.000368622279877699	0.000194242612653908	0.000564652738565782	315
canarito46	0.000366630698492074	0.000658064926047118	0.00112930547713156	316
cproductos_delta2/ctrx_quarter_lag2/cliente_edad	0.00036566114366526	0.00085139986294096	0.000564652738565782	317
cliente_edad	0.000361332213690909	0.000404823388988985	0.000564652738565782	318
mtarjeta_visa_consumo_lag1	0.000360085726065749	0.000355203780772099	0.000564652738565782	319
mcaja_ahorro_delta2	0.000358252845385207	0.000481673270007821	0.00112930547713156	320
chomebanking_transacciones_delta1/chomebanking_transacciones_lag2	0.000355899129591962	0.00142656373623548	0.00169395821569735	321
canarito74	0.00035432231899988	0.000373054737386711	0.000564652738565782	322
mpasivos_margen_delta1/Visa_mpagominimo/ctrx_quarter_lag1	0.000345609340771669	0.00176845493919329	0.00112930547713156	323
canarito7	0.0003440491103768	0.000463519754806521	0.00112930547713156	324
mcuentas_saldo_delta1/mcuentas_saldo_lag1/ccallcenter_transacciones	0.000341985177941092	0.00040754641626918	0.000564652738565782	325
mcuenta_corriente_delta2	0.000335945002730804	0.000689228460476016	0.00112930547713156	326
Visa_mpagominimo_delta2_-_mtarjeta_master_consumo_delta2	0.000333140521889353	0.000888312010516937	0.00169395821569735	327
mpayroll_sobre_edad_delta2/cdescubierto_preacordado_lag1/mcuentas_saldo_delta1	0.000328748911639569	0.00320106984716253	0.00112930547713156	328
Visa_mpagominimo_delta2/ccomisiones_mantenimiento_lag1	0.000325589489803319	0.000221170326869169	0.000564652738565782	329
canarito41	0.000322585229368027	0.000606629966310101	0.00112930547713156	330
mrentabilidad_annual/mprestamos_personales/mprestamos_personales_lag2	0.000321833205036789	0.000746714591946798	0.000564652738565782	331
canarito84	0.000319968706270618	0.000203319370254558	0.000564652738565782	332
canarito40	0.000318218504519928	0.000601789028923088	0.000564652738565782	333
mcuenta_corriente_delta1/ccallcenter_transacciones	0.000317580070249697	0.000213606362201961	0.000564652738565782	334
canarito107	0.000317035171494355	0.000887404334756872	0.000564652738565782	335
canarito97	0.000309218696130749	0.000474411863927301	0.00112930547713156	336
mpasivos_margen/ctrx_quarter_delta1/mpayroll	0.000308448780413232	0.000794518848643554	0.00112930547713156	337
mcaja_ahorro_lag1/mpasivos_margen_lag2	0.000306759437170679	0.000190006792440271	0.000564652738565782	338
mcaja_ahorro_delta1/mpasivos_margen_delta1/mrentabilidad_lag1	0.000303136494893979	0.000804805840590957	0.000564652738565782	339
mcomisiones_delta1/mrentabilidad/ctrx_quarter/cproductos_lag2	0.000300192518943961	0.000504970281182823	0.00112930547713156	340
mtarjeta_visa_consumo_lag1/mrentabilidad_annual_delta1	0.000293013994462911	0.000219052416762351	0.000564652738565782	341
mpasivos_margen_delta2	0.000286690534438126	0.000270184817912679	0.000564652738565782	342
mpayroll_sobre_edad/ctarjeta_visa_transacciones_lag1	0.000284561625455931	0.00155696648709815	0.00225861095426313	343
canarito55	0.000277194359416059	0.000194545171240596	0.000564652738565782	344
mtarjeta_visa_consumo_lag1/mrentabilidad_annual_delta1/mcomisiones_delta1/mrentabilidad/cliente_edad_lag1/mactivos_margen_delta1	0.000275352434854257	0.000478950242727626	0.00112930547713156	345
chomebanking_transacciones	0.000272013797037928	0.0001866786479867	0.000564652738565782	346
mpasivos_margen_delta1/mtarjeta_master_consumo_delta1/cpayroll_trx	0.000259943292620033	0.000645660023992896	0.000564652738565782	347
mcaja_ahorro/mcomisiones_delta1/mpayroll_sobre_edad/ctarjeta_visa_transacciones_lag1	0.000258133358733556	0.000506483074116264	0.00112930547713156	348
mpasivos_margen_delta2/cdescubierto_preacordado_lag1	0.000247424953691705	0.000194242612653908	0.000564652738565782	349
mtarjeta_visa_consumo_lag1/ctarjeta_visa_transacciones_lag2/mcomisiones_lag2/ctarjeta_visa_transacciones_lag2	0.000244063620824089	0.000166407222678581	0.000564652738565782	350
mcuentas_saldo/cproductos	0.00023563998637275	0.000196663081347414	0.000564652738565782	351
canarito35	0.00023071334753969	0.000195452847000661	0.000564652738565782	352
mcomisiones_delta1/mrentabilidad/Visa_mpagominimo_lag2/Visa_mpagominimo_lag1	0.000226780747119125	0.000358531925225671	0.000564652738565782	353
mactivos_margen_lag2/mtarjeta_visa_consumo/cpayroll_trx_lag2/mpasivos_margen_lag1/ctarjeta_visa_transacciones_delta2	0.000226476937966113	0.000250518509777937	0.000564652738565782	354
mcaja_ahorro_lag2/ccomisiones_mantenimiento/mcuentas_saldo/cproductos_delta2	0.000222566899665225	0.00137845692095203	0.00112930547713156	355
canarito19	0.000221654952564441	0.000201504018734428	0.000564652738565782	356
canarito14	0.000210372563409983	0.000262318294658782	0.000564652738565782	357
mpasivos_margen_delta1/Visa_mpagominimo/Master_fechaalta_lag2	0.000210279332254667	0.00070284359687699	0.00112930547713156	358
ctrx_quarter_lag1	0.000208863717089439	0.000974843766309799	0.00225861095426313	359
canarito16	0.000201499209236281	0.000362162628265931	0.000564652738565782	360
mcuentas_saldo_delta1	0.000194994962221478	0.000187888882333453	0.000564652738565782	361
Visa_mpagominimo/mtarjeta_visa_consumo_delta2	0.000188325082420231	0.000193032378307154	0.000564652738565782	362
mtarjeta_visa_consumo_lag1/Master_fechaalta_delta2	0.000182648165493905	0.000176089097452608	0.000564652738565782	363
mcuenta_corriente/mpasivos_margen_lag1/mtarjeta_master_consumo_lag2	0.000181825814298468	0.000169735367132153	0.000564652738565782	364
mactivos_margen_lag1/Visa_fechaalta_lag2/mcaja_ahorro/cproductos_lag1/mcuentas_saldo_lag2/Visa_mpagominimo/mpayroll_delta1	0.000176662883485741	0.000398167100081842	0.000564652738565782	365
mpayroll_sobre_edad_delta2/cdescubierto_preacordado_lag1	0.000174678867117212	0.00160053492358127	0.000564652738565782	366
ccallcenter_transacciones_delta1/mcaja_ahorro_lag1	0.000163979105126039	0.0011978294446991	0.000564652738565782	367
mcuentas_saldo_delta2/ctarjeta_visa_transacciones_delta1	0.00016090387733788	0.000211488452095143	0.000564652738565782	368
mpayroll_sobre_edad_delta1/cpayroll_trx/kmes_delta2/ctarjeta_visa_transacciones_lag2	0.000148177210406816	0.00160053492358127	0.000564652738565782	369
kmes_lag2/mpayroll_lag2	0.000126697226546159	0.000650803519966598	0.000564652738565782	370
mrentabilidad_delta1/chomebanking_transacciones	0.00012631815393233	0.000166407222678581	0.000564652738565782	371
Visa_mpagominimo_delta2	0.000121465281568885	0.000423582021363662	0.00112930547713156	372
mcomisiones_delta1	0.000121210486415415	0.000204227046014623	0.000564652738565782	373
Master_fechaalta/mrentabilidad_annual_lag2/mpasivos_margen_delta2	0.00011938838074824	0.000446273915365287	0.000564652738565782	374
mcomisiones/Master_fechaalta_delta1/Visa_mpagominimo_delta2/ccomisiones_mantenimiento_lag1	0.000103870500456785	0.000684992640262379	0.000564652738565782	375
ctrx_quarter_lag1/Visa_mpagominimo_delta1	0.000103332417467645	0.000208765424814948	0.000564652738565782	376
Visa_mpagominimo_lag1	9.61033608476405e-05	0.000319199308956188	0.000564652738565782	377
mcomisiones	9.07595644943985e-05	0.000157935582251308	0.000564652738565782	378
Visa_mpagominimo/ccallcenter_transacciones_delta1	5.82556165720658e-05	0.000609050435003608	0.000564652738565782	379
mrentabilidad_delta1	5.00692287910493e-05	0.000252636419884755	0.000564652738565782	380
mcomisiones/Master_fechaalta_delta1/ctrx_quarter_lag2	4.99201248418789e-05	0.000163684195398386	0.000564652738565782	381
mpasivos_margen_delta1/ctarjeta_visa_transacciones_lag2/ctrx_quarter_delta1	4.93226395499688e-05	0.000452627645685741	0.000564652738565782	382
canarito89	3.3674159993733e-05	0.000158238140837997	0.000564652738565782	383
mpayroll_sobre_edad_lag1/Master_fechaalta_delta1	1.50597823690153e-05	0.00318715215217487	0.00508187464709204	384
mactivos_margen_delta2	1.45856037178127e-05	0.000171550718652283	0.000564652738565782	385
Visa_mpagominimo/mcuenta_corriente_lag1/mpayroll_sobre_edad/Visa_fechaalta_lag1/mpayroll_sobre_edad_delta2	1.3984829879134e-05	0.000441130419391585	0.000564652738565782	386
cpayroll_trx	1.19240387080133e-05	0.000252333861298067	0.000564652738565782	387
mpayroll	1.05097680709665e-05	0.00071010500295751	0.00112930547713156	388
Visa_mpagominimo/mcuenta_corriente_lag1/mpayroll_sobre_edad/Visa_fechaalta_lag1	1.01666507109364e-05	0.000676823558421794	0.00112930547713156	389
Master_fechaalta_delta2/ctarjeta_visa_transacciones	9.82355684197702e-06	0.00390784670566647	0.00677583286278939	390
mpayroll_sobre_edad_lag2	8.54304471926306e-06	0.0016047707437949	0.00282326369282891	391
mpayroll_lag2/ccomisiones_mantenimiento	6.37890081450952e-06	0.00047108371947373	0.000564652738565782	392
mactivos_margen_lag1/mpasivos_margen_delta1/Visa_mpagominimo	6.32657523175567e-06	0.000380618702053919	0.000564652738565782	393
mpayroll_sobre_edad_delta2	6.16195113943525e-06	0.000479857918487691	0.000564652738565782	394
ctrx_quarter_lag2/cliente_edad	5.24767887113066e-06	0.000652316312900039	0.00169395821569735	395
mpayroll_delta1/Visa_mpagominimo/ctrx_quarter_lag1	2.30641045583668e-06	0.000494985847822108	0.000564652738565782	396
Visa_mpagominimo_delta2/mpayroll_sobre_edad_delta2/cdescubierto_preacordado_lag1/mcuentas_saldo_delta1	2.17571734587052e-06	0.000511626570089966	0.000564652738565782	397
ctarjeta_visa_transacciones	1.82284366833033e-06	0.00175120909975205	0.00225861095426313	398
mcomisiones/Master_fechaalta_delta1/mpayroll_lag1	1.71522034635942e-06	0.00128133561462508	0.00225861095426313	399
ctarjeta_visa_transacciones_lag1	1.34329743065785e-06	0.00043477668907113	0.000564652738565782	400
Master_mpagominimo_lag1_-_mcaja_ahorro_lag1	8.30932176352427e-07	0.000219052416762351	0.000564652738565782	401
mcaja_ahorro_lag1	6.61632771668208e-07	0.000219052416762351	0.000564652738565782	402
mpasivos_margen	5.70051483627056e-07	0.000208160307641571	0.000564652738565782	403
cpayroll_trx_lag2	9.37864846710185e-08	0.000183955620706505	0.000564652738565782	404
mcaja_ahorro/cproductos_lag1/mcuentas_saldo_lag2	6.0046355754034e-08	0.000527662175184447	0.00112930547713156	405
mcomisiones/Master_fechaalta_delta1/ctrx_quarter_lag2/mpayroll_lag1	4.11229723625195e-08	0.0010991953454387	0.00169395821569735	406
mpasivos_margen/mpayroll_sobre_edad_lag2/mactivos_margen_lag1/mpasivos_margen_delta1/Visa_mpagominimo	1.83449900252258e-08	0.000379408467707166	0.000564652738565782	407
mcomisiones_lag2/mpayroll_sobre_edad	2.95671524802434e-09	0.000312845578635733	0.000564652738565782	408
mtarjeta_visa_consumo_lag1/Master_fechaalta_delta2/mcaja_ahorro	2.83393833036866e-09	0.000658972601807182	0.00112930547713156	409
mpayroll_sobre_edad_lag1	2.26588908113523e-09	0.000670469828101339	0.00169395821569735	410
mpayroll_sobre_edad/mactivos_margen_lag1/mcomisiones_lag2	1.0402800764808e-09	0.000305886731141902	0.000564652738565782	411
Visa_mpagominimo_lag1/Visa_mpagominimo_delta2	4.49048661282114e-10	0.000217539623828909	0.000564652738565782	412
Visa_fechaalta_delta1/cproductos_delta2/mrentabilidad_delta1/chomebanking_transacciones	3.621502931189e-10	0.000345824464584761	0.000564652738565782	413
mpayroll_sobre_edad/cliente_antiguedad_delta2	3.24749470937397e-10	0.000230852201643196	0.000564652738565782	414
ctarjeta_visa_transacciones_lag1/kmes_delta2	2.57980031815963e-10	0.000177904448972738	0.000564652738565782	415
mcomisiones_lag2/Visa_fechaalta_lag2/mpasivos_margen/mpayroll_sobre_edad_lag2	1.14424329943204e-10	0.00047652977403412	0.00112930547713156	416
