Feature	Gain	Cover	Frequency
kmes_+_ctrx_quarter	0.0659110894676122	0.00257047765481594	0.00231350330500472
ctrx_quarter	0.0399096636331811	0.00157676127704235	0.00169971671388102
ccomisiones_mantenimiento/ctrx_quarter	0.0212505694911483	0.00320966093568592	0.0029508970727101
mcuentas_saldo	0.0191111578852285	0.00647096634576859	0.00519357884796978
cpayroll_trx/ccomisiones_mantenimiento	0.0173715108769	0.00309500664833649	0.000708215297450425
mtarjeta_visa_consumo	0.0124346950006009	0.00241272034810849	0.00232530689329556
ccomisiones_mantenimiento/cpayroll_trx	0.010221030799701	0.00144301254234149	0.000401322001888574
mcuenta_corriente/cliente_antiguedad	0.0099102975007959	0.0110194072629507	0.00762511803588291
foto_mes	0.00967315612042298	0.00700863749405455	0.00620868744098206
cliente_edad/ctrx_quarter	0.00951501867699671	0.00144258175688078	0.00213644948064212
ctrx_quarter_+_cliente_edad	0.00867555475565	0.00227052888583085	0.00336402266288952
Visa_status	0.00836911080743918	0.00812011014822137	0.00211284230406043
cdescubierto_preacordado	0.00758565900315193	0.0100433647694986	0.00238432483474976
numero_de_cliente	0.00747100714495004	0.0171068377207622	0.0129721435316336
mcaja_ahorro	0.00730107668360495	0.00151519566608935	0.00247875354107649
mcaja_ahorro/cliente_antiguedad	0.00709040990962538	0.00332064005850121	0.00365911237016053
Master_fechaalta	0.00646000458719502	0.0076095923892369	0.00945467422096317
ctarjeta_visa_transacciones	0.00637528832492728	0.00319987356788798	0.00219546742209632
mcuentas_saldo/kmes	0.00623866596170712	0.00582461600737238	0.00457979225684608
Visa_mpagominimo	0.00573244714630186	0.00222570300273549	0.00334041548630784
mcaja_ahorro/Master_fechaalta_lag1	0.00568148567557214	0.00364776891491835	0.00448536355051936
mcaja_ahorro/ctrx_quarter	0.00544444621424491	0.00466316000311924	0.00626770538243626
cliente_antiguedad_delta1/ctrx_quarter	0.005382933303942	0.00127590171245761	0.00179414542020774
mprestamos_personales/cliente_edad	0.00519518931544566	0.00529960171970791	0.00179414542020774
mtarjeta_visa_consumo/cliente_edad	0.00483050928237683	0.002321696687355	0.00199480642115203
mrentabilidad_annual_lag2	0.00480148679374464	0.00334011439800198	0.00330500472143532
mcuenta_corriente_lag1/kmes	0.00469727236808768	0.00703189462492826	0.00513456090651558
mcomisiones_lag1/Visa_fechaalta_lag1	0.00469669823953742	0.00767594753356915	0.00648016997167139
mrentabilidad_annual_lag2/Master_fechaalta_lag1	0.00468871616451128	0.00579771124441168	0.00619688385269122
cproductos_+_cpayroll_trx	0.00461675430329558	0.0036399463626659	0.00208923512747875
Master_fechaalta_lag2/ctrx_quarter	0.00460886725859905	0.00345021971325267	0.00526440037771483
mprestamos_personales	0.00456732887450186	0.0040699634178127	0.00148725212464589
mpasivos_margen/ctrx_quarter	0.00455092994348848	0.003527795581267	0.00626770538243626
Visa_fechaalta	0.00450079583704484	0.00840477507178063	0.0074480642115203
mcuenta_corriente_delta2/ccomisiones_mantenimiento_lag2	0.00449384189812038	0.00220575421520632	0.00422568460812087
Master_fechaalta_lag2	0.00445801758193009	0.00536659873159557	0.00558309726156752
mrentabilidad_annual_lag2/cdescubierto_preacordado_lag2	0.00438829256015252	0.00235242651372868	0.00339943342776204
mcomisiones/ccomisiones_mantenimiento	0.00432386534374294	0.00627344996055506	0.00717658168083097
cliente_edad/cproductos	0.00422257604968242	0.00632763020114343	0.00682247403210576
ccomisiones_mantenimiento_-_cproductos	0.00421485679418874	0.0020124583594646	0.00194759206798867
mpasivos_margen_delta2/chomebanking_transacciones_delta1	0.00420612490340172	0.00316946968119149	0.00614966949952786
mtarjeta_master_consumo/cpayroll_trx	0.00416381243215895	0.000483205849532816	0.000330500472143532
kmes_delta2/cliente_edad	0.00410256321571353	0.00730142671436263	0.00515816808309726
mprestamos_personales/cproductos	0.00402452044231123	0.00871853038963421	0.00245514636449481
ctrx_quarter_delta2	0.00400567451590569	0.00401377664584984	0.00383616619452314
mactivos_margen	0.00398618389609812	0.00694151811573518	0.00487488196411709
Visa_fechaalta_lag2/cproductos	0.00392738178516285	0.00473774762725016	0.00502832861189802
mpasivos_margen_lag1/ctrx_quarter_lag1	0.00387903595593693	0.00367957806884079	0.00607884796978281
Visa_mpagominimo/ctrx_quarter	0.00385132380562831	0.00337644693831472	0.00507554296506138
chomebanking_transacciones	0.00384551437931193	0.00242921367446955	0.00487488196411709
cliente_edad_-_ccomisiones_mantenimiento	0.00381562950280791	0.00884602786830795	0.00657459867799811
cproductos/cliente_edad	0.00375421778437629	0.00696884476477975	0.00638574126534467
mcuentas_saldo/ccomisiones_mantenimiento	0.00371214091715954	0.00374232451585976	0.00462700661000944
mactivos_margen/ctrx_quarter_delta2	0.00370539037855383	0.00358397067279774	0.0056657223796034
mpasivos_margen_lag1/chomebanking_transacciones_lag1	0.00368212743496926	0.00313020062462329	0.00520538243626062
Visa_mpagominimo/cliente_edad	0.00368130801363667	0.00348408990723282	0.00334041548630784
mcuentas_saldo_lag1/chomebanking_transacciones_lag1	0.00367210867027226	0.00240772362611191	0.00456798866855524
ctrx_quarter_lag1/ctrx_quarter	0.0036665453168824	0.00441024889048264	0.00555949008498584
cliente_edad_lag2/cproductos	0.00365365514101168	0.00445094601892997	0.00570113314447592
cpayroll_trx_-_cliente_edad	0.00364616362272651	0.00652639583638249	0.00568932955618508
cdescubierto_preacordado_lag1/cliente_edad	0.00356810753717568	0.00358228590951754	0.00540604343720491
mrentabilidad_annual/cliente_edad_lag1	0.0035490761368507	0.00804490234876612	0.00447355996222852
mrentabilidad/ctrx_quarter	0.00353751971157934	0.0035738426257297	0.0044971671388102
mrentabilidad_annual_delta2/ctrx_quarter_lag2	0.00351515715598457	0.00719528273423295	0.00498111425873466
mrentabilidad/cliente_antiguedad	0.00347334691937011	0.00484445588349333	0.00454438149197356
mcaja_ahorro_lag2/chomebanking_transacciones_lag2	0.00344280156960757	0.00310660281447949	0.00450897072710104
cliente_edad_lag1	0.00343519370430529	0.00524038804719344	0.00481586402266289
mrentabilidad_annual_lag2/cliente_antiguedad	0.00340857891909464	0.00489931303293346	0.0051699716713881
kmes_lag2/cliente_antiguedad	0.00340592383271964	0.00510902879517721	0.0052289896128423
mactivos_margen_lag1	0.00339618316224809	0.00670723312074319	0.00440273843248348
mpayroll_sobre_edad/cpayroll_trx	0.00339201734595161	0.00166104421604189	0.00086166194523135
ctarjeta_visa_transacciones_lag1/ctrx_quarter	0.0033688156879476	0.00219020700384679	0.00374173748819641
mactivos_margen_lag1/chomebanking_transacciones_delta2	0.00333644356618739	0.00287990314772575	0.00435552407932011
mrentabilidad_annual_lag1/kmes	0.00333138600507266	0.00427108822223398	0.00495750708215298
mtarjeta_visa_consumo/ctarjeta_visa_transacciones_lag2	0.00332635817611163	0.00382129146771819	0.00389518413597734
mcomisiones_delta1/ctrx_quarter_delta2	0.00331491750958769	0.00401030922614409	0.00570113314447592
mcaja_ahorro/Master_fechaalta_delta2	0.00329721766828106	0.00156270804857176	0.00313975448536355
mcuentas_saldo_delta2/kmes_delta2	0.00328741453609631	0.00385197095699155	0.0033876298394712
mcuentas_saldo_lag1/ctrx_quarter	0.00327842093159738	0.00344885532753913	0.00485127478753541
cliente_edad_+_cliente_antiguedad	0.00323525146643402	0.0118839099728459	0.00593720491029273
mrentabilidad_delta2/ctrx_quarter_lag2	0.00321130480557972	0.00432749914725128	0.00474504249291785
kmes/cliente_edad	0.00320618217824683	0.00674122178767767	0.00613786591123702
mcuenta_corriente_lag2/ctrx_quarter	0.00320091070960451	0.00834214848824362	0.00440273843248348
Visa_fechaalta_delta1/cproductos	0.003197618229138	0.00234176923184351	0.00328139754485364
cliente_antiguedad_delta2/cliente_edad	0.00313447364513592	0.00546452997741896	0.00403682719546742
mcuentas_saldo_lag2/ctrx_quarter_delta1	0.00312550753319482	0.00370826548822705	0.00470963172804533
mrentabilidad_annual_delta1/cliente_antiguedad_lag1	0.00312378701365207	0.00453731419316803	0.00441454202077431
cliente_antiguedad_lag2/cpayroll_trx	0.00309225402539887	0.0016624761813984	0.000531161473087819
mrentabilidad_annual_lag1	0.00308239267548088	0.00277279775679059	0.00422568460812087
kmes/cliente_antiguedad	0.00305365550337972	0.00579785752791868	0.00475684608120869
mrentabilidad_annual/cliente_edad	0.00304012373508584	0.0062827890222441	0.00463881019830028
mrentabilidad	0.00297333869101389	0.00408005392063464	0.00407223796033994
mpasivos_margen/Master_fechaalta_delta2	0.00296372825122701	0.00189605673509149	0.00357648725212465
mpasivos_margen_delta2/ctrx_quarter	0.00296147128846537	0.00215437978127591	0.00395420207743154
cliente_antiguedad_lag2/cliente_edad	0.00294785273576778	0.00355807376426547	0.00370632672332389
mrentabilidad_lag2/kmes	0.00293721726124634	0.00635052217946069	0.00421388101983003
mrentabilidad_annual_delta2/chomebanking_transacciones_delta1	0.0029260863773044	0.00195551931205227	0.00432011331444759
kmes_lag1/cliente_antiguedad	0.00291491039020877	0.00505138947804888	0.00498111425873466
Visa_fechaalta_lag1	0.00289659354189225	0.00348582500761333	0.00435552407932011
mrentabilidad/Visa_fechaalta_lag1	0.00286166931704246	0.00291801445098668	0.00360009442870633
ccomisiones_mantenimiento_lag2/cliente_edad	0.00285007430000005	0.00344436753865625	0.00330500472143532
mcuentas_saldo_delta2/chomebanking_transacciones_delta2	0.00284712767454002	0.00215550249328682	0.00492209631728045
mcomisiones_delta2/ctrx_quarter	0.00284514292397252	0.00418042804540377	0.0040604343720491
ctrx_quarter/cliente_antiguedad	0.00283313701898489	0.00370080920095315	0.0038243626062323
cliente_edad_-_cliente_antiguedad	0.00280974418558963	0.00872222835882152	0.00512275731822474
mtarjeta_visa_consumo_lag2/chomebanking_transacciones_delta2	0.00280141854405514	0.00233096427592371	0.00354107648725213
mcuenta_corriente_delta1	0.00278941268662014	0.00566308286193017	0.004438149197356
mrentabilidad_annual/ccomisiones_mantenimiento	0.002777441510917	0.00181749609540744	0.00356468366383381
mcomisiones/cliente_antiguedad	0.00277701631129355	0.0023382019722537	0.00423748819641171
mcomisiones_lag1/ctrx_quarter	0.00276579694639867	0.0020307654900702	0.00423748819641171
cproductos_delta1/ctrx_quarter	0.0027549988459066	0.00295846879330928	0.00131019830028329
mrentabilidad_annual/kmes	0.00274284746976367	0.00876701614145974	0.00515816808309726
Visa_mpagominimo_lag1/cliente_edad	0.00273203060395289	0.00366588025923321	0.00335221907459868
ctrx_quarter_delta2/cliente_antiguedad	0.00271690684487153	0.00460967168908107	0.00401322001888574
mtarjeta_visa_consumo_lag1/ccomisiones_mantenimiento	0.00270937093084278	0.00158734041127454	0.00190037771482531
cliente_antiguedad/cliente_edad	0.00268388699229417	0.00405966489205685	0.00428470254957507
mcomisiones_lag2/ctarjeta_visa_transacciones_lag1	0.00266053783282977	0.00150709778936556	0.00321057601510859
cproductos/kmes	0.00264720496225642	0.00292763300872996	0.00429650613786591
cliente_antiguedad/kmes	0.00264689894350591	0.00446697490906159	0.00428470254957507
mpasivos_margen_lag2/ctrx_quarter	0.00264322342764319	0.00301294605060007	0.00404863078375826
mcomisiones_lag2	0.00263778492855091	0.0017217079307721	0.00276203966005666
mpasivos_margen/cliente_antiguedad	0.00261918410307169	0.00272958989164903	0.00368271954674221
mactivos_margen/cproductos	0.00261904483095293	0.0033469029539065	0.00339943342776204
Master_fechaalta_lag1/ccomisiones_mantenimiento	0.00261647741950267	0.00629810874328287	0.00414305949008499
ctrx_quarter_lag2/cliente_edad	0.00261434378859636	0.0025650120469015	0.00349386213408876
cliente_edad/cliente_antiguedad	0.00260185055721122	0.00351038339424603	0.0038243626062323
mactivos_margen_lag2/cliente_edad_delta2	0.00259687243879539	0.00166412534717119	0.00375354107648725
mrentabilidad_annual_delta1	0.00259647869538586	0.00207712123166744	0.00362370160528801
mactivos_margen_lag1/cliente_antiguedad	0.00256914807160181	0.00417843514120009	0.00343484419263456
chomebanking_transacciones_delta1/ctrx_quarter	0.00256788294483049	0.00400964789120181	0.00372993389990557
cproductos_delta2/cproductos	0.00256078452416718	0.00643633720180633	0.00179414542020774
mrentabilidad_annual_delta2/cproductos	0.00253877160057425	0.00265603542954947	0.00331680830972616
ctrx_quarter_lag1/cproductos	0.00253546696994807	0.00401789677922655	0.0038243626062323
chomebanking_transacciones_lag2	0.00251360185091735	0.00216456623050453	0.00321057601510859
mprestamos_personales_delta2/cpayroll_trx	0.00250505887545888	0.000558461205033121	0.000377714825306893
mcaja_ahorro_lag2/ctrx_quarter_lag2	0.00250180645810325	0.00225051974940241	0.00383616619452314
chomebanking_transacciones_lag1/cliente_antiguedad	0.00248971896509416	0.00253290142658821	0.00334041548630784
mrentabilidad_annual_delta1/cproductos_lag1	0.00248671627731823	0.00195099954103383	0.00330500472143532
mrentabilidad_lag1/chomebanking_transacciones_delta1	0.0024647713773585	0.00196228144793176	0.00360009442870633
mpasivos_margen_lag2/ctrx_quarter_lag1	0.00245567726966946	0.00279814735364649	0.00380075542965061
mcuenta_corriente_lag2/Visa_fechaalta_delta2	0.00245421560178769	0.00862450430161545	0.00396600566572238
Visa_mpagominimo_lag1/ctrx_quarter	0.00244244636147903	0.00187840509921211	0.00374173748819641
ccomisiones_mantenimiento_delta2/ctrx_quarter	0.00243245088817946	0.00425423391489939	0.00162889518413598
mcuentas_saldo/ctarjeta_visa_transacciones_delta1	0.00241553036743331	0.00132294381849452	0.00337582625118036
mcuenta_corriente_delta2/internet_lag1	0.00240106636469723	0.00137844144496244	0.003328611898017
mpasivos_margen_lag1/kmes	0.00236182783518857	0.00408360449389285	0.00410764872521247
mrentabilidad_annual_lag1/ccomisiones_mantenimiento	0.00233739802794624	0.00125867780287816	0.00299811142587347
mcuentas_saldo_lag2/chomebanking_transacciones_delta1	0.00232713407492738	0.00177640489142891	0.00356468366383381
mtarjeta_visa_consumo_lag1	0.0023048000527791	0.00167454318019795	0.0016643059490085
mcomisiones_lag1/cproductos	0.00229433585510958	0.00452554615780958	0.00375354107648725
mrentabilidad_lag1/ctrx_quarter	0.00227528970139566	0.00212056576461214	0.00408404154863078
cliente_antiguedad/cproductos	0.0022720152094501	0.0050635031985769	0.00414305949008499
cliente_antiguedad_-_ctrx_quarter	0.00227116085464512	0.00241855388963464	0.00345845136921624
Visa_mpagominimo_lag2/ctrx_quarter	0.00225925898209596	0.00153765630273485	0.00265580736543909
mcuentas_saldo_delta2/cdescubierto_preacordado_lag2	0.0022436844288711	0.00226698582142186	0.00299811142587347
mrentabilidad_lag1/cproductos	0.00223588861892778	0.0043089820469731	0.00384796978281398
mtarjeta_visa_consumo_lag1/cdescubierto_preacordado_lag2	0.00223511836191374	0.00170506192447693	0.00251416430594901
mcomisiones_lag2/ccomisiones_mantenimiento	0.00223465041757705	0.00137073013492064	0.0028918791312559
mcaja_ahorro_delta1/Master_fechaalta_delta1	0.00222557316193433	0.00267654682455896	0.0035056657223796
mcaja_ahorro_lag2/ccallcenter_transacciones_delta1	0.00222495084905279	0.00167627410899556	0.00184135977337111
Visa_mpagominimo_lag1/cproductos_delta2	0.00221056465708397	0.00304890704192926	0.0017823418319169
mprestamos_personales_delta1/cproductos	0.00219502344847827	0.00740090422691397	0.00236071765816808
mrentabilidad_annual	0.00219479289111397	0.00378695961856388	0.00395420207743154
mcuenta_corriente_lag2/kmes	0.00218298002104367	0.00360356265093626	0.00309254013220019
mrentabilidad_delta1/ccomisiones_mantenimiento	0.00217249270035222	0.00198316939782429	0.00375354107648725
mcaja_ahorro_lag1	0.00217194333993788	0.000875578818703397	0.00230169971671388
mpasivos_margen/kmes	0.00216679641174948	0.00339541401333496	0.00428470254957507
Visa_mpagominimo_lag2/cliente_antiguedad_lag1	0.00216010274176521	0.00212788244291168	0.00256137865911237
cdescubierto_preacordado_lag1/cproductos	0.00215844313324284	0.00277401335604739	0.00228989612842304
chomebanking_transacciones_lag1/kmes	0.00215282707119939	0.00184506942405411	0.00296270066100094
mrentabilidad_annual_delta2/ccomisiones_mantenimiento_lag1	0.00214839605786826	0.000873436849937457	0.00266761095372993
mactivos_margen/cliente_antiguedad_lag1	0.00214624127938951	0.00337047962803028	0.00254957507082153
cliente_edad/ccomisiones_mantenimiento	0.00213654947314833	0.00565385170518545	0.00337582625118036
ccomisiones_mantenimiento/cliente_edad	0.00212095857843933	0.00380380002062214	0.00321057601510859
mrentabilidad_delta2/ccomisiones_mantenimiento_lag1	0.00211729741725929	0.0015738008437116	0.00297450424929179
Master_mpagominimo/cliente_edad	0.00211604927189889	0.00372902550957734	0.00203021718602455
ctarjeta_visa_transacciones_delta2/cliente_antiguedad	0.00210938632263427	0.0043633747601838	0.00225448536355052
kmes_+_kmes	0.00209744685960017	0.00425125345797072	0.00262039660056657
mpasivos_margen_lag2	0.00209113742741701	0.00227115462326572	0.00306893295561851
mcaja_ahorro_lag2/ctrx_quarter	0.00209078811879895	0.00290469987079476	0.00341123701605288
mactivos_margen_lag1/kmes	0.00208179233738046	0.00251155237773257	0.00293909348441926
mactivos_margen_lag2	0.00207319832825993	0.00544667337776648	0.00335221907459868
kmes/ctrx_quarter	0.00203685438626797	0.00490282244657374	0.00390698772426818
Master_fechaalta_delta2/cproductos	0.0020263067043326	0.00163634343937957	0.00300991501416431
chomebanking_transacciones_delta2/kmes	0.00200636336350156	0.00246209130982522	0.00252596789423985
mcomisiones_delta2/internet_delta2	0.00200558627528941	0.0018653508257931	0.00355288007554297
mrentabilidad_annual_delta2	0.00199235089430434	0.00171607907491354	0.00290368271954674
cproductos/cliente_antiguedad	0.00198879962851387	0.00314804109415523	0.00337582625118036
mcomisiones_lag2/cliente_antiguedad_lag1	0.0019864821349865	0.00118752339147322	0.00225448536355052
ctrx_quarter_delta1/cliente_edad	0.00194273922773543	0.00221382539379956	0.00270302171860246
cproductos_lag1/cproductos	0.00193998913937382	0.00101848640271205	0.000495750708215298
mrentabilidad_lag1/Visa_fechaalta_delta2	0.00193220797996746	0.00142110450137737	0.0027738432483475
mcaja_ahorro_lag1/kmes	0.0019247209133075	0.00161714247761145	0.00260859301227573
Master_fechaalta_lag2/ccomisiones_mantenimiento	0.00191766067075173	0.00218682857790955	0.00290368271954674
chomebanking_transacciones_lag1/cliente_edad	0.00190536466867751	0.00180807527069358	0.00254957507082153
mpasivos_margen_delta1	0.00188164469523156	0.00119030611537247	0.0028918791312559
mactivos_margen_delta1/ccomisiones_mantenimiento	0.00187460073614276	0.00184348505686902	0.00291548630783758
kmes_delta2/ctrx_quarter	0.00187216654982483	0.00138114880226398	0.00282105760151086
mrentabilidad_lag2/cliente_antiguedad	0.00187106481202941	0.00225896859530079	0.0029508970727101
Visa_mpagominimo_delta1/cliente_edad	0.00185471744677946	0.00264531084612686	0.00259678942398489
mactivos_margen_delta1	0.0018499812670954	0.00545716268391357	0.00343484419263456
ctrx_quarter_delta1/cproductos	0.00184698680376162	0.00256228188494679	0.00266761095372993
cliente_antiguedad_lag2/ctrx_quarter	0.0018414543889054	0.00291890438867182	0.00305712936732767
Visa_mpagominimo_lag2/kmes_lag1	0.00184141343096566	0.00160873896291392	0.00228989612842304
mcomisiones_lag2/cproductos	0.00184049503415446	0.00168832748062431	0.00263220018885741
mpasivos_margen_delta2/kmes_delta2	0.00183827285910123	0.00254040749475138	0.00288007554296506
cliente_antiguedad/ctrx_quarter	0.00181680060604893	0.0031711922668233	0.00323418319169027
mrentabilidad_lag1/ccomisiones_mantenimiento_lag1	0.00180720353698241	0.000967347802268197	0.00288007554296506
Visa_mpagominimo_lag2/ccomisiones_mantenimiento_lag1	0.00179427507525271	0.00317451729649943	0.00285646836638338
mcuentas_saldo_delta2/kmes_lag1	0.00179334406963559	0.00201186766332609	0.0028328611898017
Visa_mpagominimo/cliente_antiguedad_delta1	0.00179066996350203	0.00142753179820282	0.00184135977337111
mtarjeta_visa_consumo_lag1/ctrx_quarter_lag2	0.00177532416298951	0.00220636465683723	0.00273843248347498
Master_mpagominimo/cpayroll_trx	0.00177280263047382	0.000338759785750962	0.000259678942398489
mcomisiones_delta2/kmes	0.00176504005179616	0.00304627143585359	0.00266761095372993
cliente_edad_lag2/ctrx_quarter	0.00174970873301985	0.00191327230150515	0.0022780925401322
mcomisiones_delta2/ccomisiones_mantenimiento	0.00173131390848176	0.001208403554411	0.00258498583569405
mcuentas_saldo_lag2/ccomisiones_mantenimiento	0.00172781573446527	0.00143016629185639	0.00241973559962229
mpasivos_margen_lag2/cliente_edad	0.00171800187165566	0.00171317064731626	0.00279745042492918
ccomisiones_mantenimiento/kmes	0.0017088991139358	0.00102270387302307	0.00142823418319169
chomebanking_transacciones_delta2/cproductos	0.00170615942529042	0.00160471978184337	0.00195939565627951
chomebanking_transacciones_lag1	0.00168025573714547	0.00144852014419045	0.00270302171860246
ctrx_quarter_delta1/cliente_antiguedad	0.0016461770884263	0.00376818360204042	0.00305712936732767
ctrx_quarter/cproductos	0.00164090463826217	0.00168955476031324	0.0023371104815864
Visa_fechaalta_delta1/cliente_antiguedad	0.00163929856438927	0.00318585037481426	0.00285646836638338
internet_lag2/cliente_edad	0.00163929038910825	0.00464566438444029	0.00251416430594901
mcuentas_saldo_delta2	0.00162886934256798	0.00132135945130943	0.00193578847969783
mcaja_ahorro_lag2	0.00157655740227338	0.00269731073938662	0.00217186024551464
kmes_-_cproductos	0.00157227277321162	0.00375510791449586	0.00284466477809254
ccomisiones_mantenimiento_delta2/cliente_edad	0.00157084557899122	0.00647716503985117	0.00191218130311615
mcuentas_saldo_delta2/cproductos_lag2	0.00156779917261601	0.00129792182994896	0.00186496694995279
ccomisiones_mantenimiento_lag1/ctrx_quarter	0.00155433467173538	0.00236717055632737	0.00297450424929179
mprestamos_personales_delta2	0.00154712426453147	0.00420640782938297	0.00142823418319169
chomebanking_transacciones_lag1/ccomisiones_mantenimiento	0.00153655579137258	0.00129035513478099	0.00250236071765817
ccallcenter_transacciones_delta2/ctrx_quarter	0.00153336100312921	0.00428637318008192	0.00144003777148253
mcaja_ahorro_delta1/kmes	0.0015203514730551	0.00152343565473724	0.00224268177525968
Visa_mpagominimo_lag2	0.00151950094838166	0.0012864922490164	0.0017233238904627
mcomisiones_lag2/cliente_antiguedad	0.00151244122156488	0.00152866681969275	0.0022780925401322
cliente_antiguedad/ccomisiones_mantenimiento	0.00150822431994924	0.00146311901570425	0.00179414542020774
ctrx_quarter_lag1/ccomisiones_mantenimiento	0.00150239639469764	0.00212717633297962	0.00246694995278565
cproductos	0.00149992909115161	0.00229166379343101	0.00167610953729934
ctarjeta_visa_transacciones_lag2/cproductos	0.00147279231304619	0.00243454162014831	0.00211284230406043
cliente_edad/cpayroll_trx	0.00146968776315091	0.000150724296045045	0.000153446647780925
mpasivos_margen_delta2/ccomisiones_mantenimiento	0.00144588922580534	0.00102825152206786	0.00240793201133145
mcaja_ahorro_lag2/cliente_antiguedad	0.00144526444098195	0.00150451641386758	0.00223087818696884
ctrx_quarter/kmes	0.00140284886065744	0.00218813066798513	0.00267941454202077
mtarjeta_visa_consumo_delta2/internet_lag1	0.00139419259138624	0.00165420671356469	0.0017823418319169
kmes_delta2/cproductos	0.00138464464744247	0.00145221143884513	0.00179414542020774
ctrx_quarter/ccomisiones_mantenimiento	0.00136908013377627	0.00208103890422077	0.00211284230406043
Master_mpagominimo_lag1/kmes	0.00135524359877864	0.00162754584915083	0.00132200188857413
cproductos/ctrx_quarter	0.00134826257973962	0.00149957392244869	0.0022780925401322
chomebanking_transacciones_delta1/kmes	0.00134691184194241	0.00135052048440751	0.0017823418319169
cproductos_-_cpayroll_trx	0.00134228570990138	0.00343893558151053	0.00217186024551464
mprestamos_personales_lag1/ctarjeta_visa_transacciones_lag1	0.00133626418621897	0.00120607664546987	0.000696411709159585
chomebanking_transacciones_delta2/cpayroll_trx	0.00133553859754415	0.000837921383661897	0.0016052880075543
mtarjeta_visa_consumo_delta2/ccomisiones_mantenimiento_lag1	0.00133467930902419	0.000700372336939938	0.00177053824362606
cliente_antiguedad_-_kmes	0.00132643918000842	0.00329292378361386	0.00246694995278565
mprestamos_personales_delta2/ccomisiones_mantenimiento	0.00132355791778564	0.00130977858097039	0.000838054768649669
mtarjeta_visa_consumo_delta2/ctrx_quarter	0.00132183337688394	0.00101844802414938	0.00165250236071766
mrentabilidad_annual_delta2/ccomisiones_mantenimiento	0.00132066884043941	0.000696118712910458	0.00220727101038716
Master_mpagominimo/ctrx_quarter_delta1	0.00131205609569284	0.00365440924057718	0.00218366383380548
mrentabilidad_annual/ctarjeta_visa_transacciones_lag2	0.00129100621310426	0.00098803162270419	0.00190037771482531
ccomisiones_mantenimiento_delta2/cpayroll_trx	0.00129089782723342	0.000359711978020132	0.000519357884796978
Master_mpagominimo/kmes	0.00129031963870157	0.00201713247905032	0.00134560906515581
ctrx_quarter_delta2/cpayroll_trx	0.00128326703383433	0.000573192732883109	0.0017823418319169
Visa_mpagominimo_lag2/Visa_fechaalta_delta2	0.00127452430585427	0.000943584519336067	0.00156987724268178
mactivos_margen_delta1/ccomisiones_mantenimiento_delta2	0.00127281294272609	0.00130456688340175	0.00192398489140699
mprestamos_personales_lag2	0.00127033928073498	0.00207382317822739	0.000956090651558074
mactivos_margen_delta2/cpayroll_trx_lag1	0.00126577675546048	0.0011275732955243	0.00168791312559018
mcaja_ahorro_lag2/ccomisiones_mantenimiento_delta2	0.00125107075301729	0.00284290565709889	0.00218366383380548
mactivos_margen/cpayroll_trx_lag2	0.00124692242799136	0.000566891695966736	0.00181775259678942
mpasivos_margen_lag2/ccomisiones_mantenimiento	0.00124631558837017	0.00137408881536549	0.00243153918791313
Master_mpagominimo/ccomisiones_mantenimiento	0.0012422162924373	0.00140568827772087	0.00144003777148253
mcaja_ahorro_lag2/cliente_edad	0.00123370465575328	0.000740323308259379	0.00162889518413598
mprestamos_personales_delta1/ctrx_quarter	0.00120887466549146	0.00279843880823838	0.00125118035882908
ctrx_quarter/cliente_edad	0.00120885487233704	0.00105123277225917	0.00212464589235128
cliente_antiguedad_-_cproductos	0.0012062854993592	0.00225600093122634	0.00177053824362606
cproductos_delta1	0.00119852098714568	0.000325639045111092	0.000188857412653447
ccomisiones_mantenimiento/cliente_antiguedad	0.00119628229568784	0.00176897001828055	0.00182955618508026
chomebanking_transacciones_delta1/ccomisiones_mantenimiento	0.0011938370402561	0.000630674642283381	0.00186496694995279
chomebanking_transacciones_delta2	0.00118964450407658	0.00122514328226863	0.00161709159584514
cliente_antiguedad_lag1	0.00118657359496905	0.00274462733557829	0.00204202077431539
ctarjeta_visa_transacciones_lag1/cproductos	0.00118630115168613	0.00193554994471414	0.00188857412653447
mprestamos_personales_delta2/ctarjeta_visa_transacciones_lag1	0.00115041295162246	0.00156209677262427	0.00102691218130312
cproductos_+_cliente_antiguedad	0.00114370504380335	0.00331827171183661	0.00211284230406043
cproductos_lag2	0.00113585797874174	0.00167409125871721	0.00175873465533522
mtarjeta_visa_consumo_lag2/kmes	0.00113085712628525	0.000623890257961762	0.00134560906515581
mactivos_margen_lag1/cpayroll_trx	0.00111506007751269	0.000418781313766286	0.00144003777148253
cpayroll_trx/ctrx_quarter	0.00111137407788465	0.000818130281966318	0.0005547686496695
Visa_mpagominimo_delta2	0.00109708143675215	0.00093418900222512	0.00158168083097262
ctarjeta_visa_transacciones_delta2/ccomisiones_mantenimiento	0.00109490703482567	0.000628463703346842	0.00132200188857413
cliente_antiguedad_-_ccomisiones_mantenimiento	0.00109382368995193	0.00160331868620031	0.00154627006610009
cliente_antiguedad_lag1/ccomisiones_mantenimiento	0.00106514785778776	0.00161796149838731	0.00188857412653447
cliente_edad_lag1/ccomisiones_mantenimiento	0.00105072030983853	0.00110916604692913	0.0016052880075543
ctarjeta_visa_transacciones_delta1/ctrx_quarter	0.00104720372348734	0.000816632961811057	0.00141643059490085
cproductos_lag1/ctrx_quarter	0.00103644771069828	0.00106188198908407	0.00168791312559018
Visa_mpagominimo_delta2/cpayroll_trx	0.00103251649335155	0.000731972633611901	0.001109537299339
mactivos_margen_delta1/cpayroll_trx	0.000987945026009905	0.0003804216622701	0.0011685552407932
ccomisiones_mantenimiento_-_cliente_antiguedad	0.000982982128281908	0.00233026344999666	0.0017823418319169
mtarjeta_visa_consumo_lag2	0.000979293103737033	0.00210842506784804	0.00149905571293673
Visa_mpagominimo_delta2/cliente_antiguedad_lag1	0.000978563005992981	0.0016783857642591	0.00152266288951841
mpayroll_sobre_edad_delta2/chomebanking_transacciones_delta2	0.00096090800615266	0.00170394449647102	0.00132200188857413
mtarjeta_visa_consumo_lag2/cliente_edad	0.000945414621092057	0.000795759473405917	0.00125118035882908
Master_mpagominimo_lag2/cliente_edad	0.000944009532004724	0.000881942707468783	0.00125118035882908
cliente_antiguedad_+_ccomisiones_mantenimiento	0.0009022856887235	0.00141465912769269	0.00145184135977337
mpayroll_sobre_edad_lag2/ccomisiones_mantenimiento_delta2	0.000876361631042601	0.000203216992297957	0.000436732766761095
ctarjeta_visa_transacciones_lag2/ccomisiones_mantenimiento	0.000868955085206191	0.000542026837043709	0.00119216241737488
mpayroll_sobre_edad_lag1/chomebanking_transacciones_lag2	0.000867440054175036	0.000673085178880149	0.000979697828139755
ccomisiones_mantenimiento_lag1/cproductos	0.000832958014186768	0.00781147419690161	0.00238432483474976
ccallcenter_transacciones_delta2/ccomisiones_mantenimiento	0.000832229477858899	0.00138164188336265	0.000908876298394712
ccomisiones_mantenimiento_delta1/cpayroll_trx	0.000790256531945771	0.000532804023464786	0.000377714825306893
mpayroll	0.000775196082426983	0.000673872773731504	0.000436732766761095
mtarjeta_visa_consumo_lag2/cliente_antiguedad	0.00076531162677389	0.000781982125617724	0.00125118035882908
mrentabilidad_annual_delta2/ccomisiones_mantenimiento_delta1	0.000760491063095636	0.000383107605446086	0.001109537299339
mpayroll_sobre_edad/chomebanking_transacciones_lag1	0.000735603656266285	0.00094150873968546	0.00108593012275732
Visa_mpagominimo/cpayroll_trx	0.000735045366440173	0.000134606412144913	0.000483947119924457
mprestamos_personales_lag2/ccomisiones_mantenimiento	0.000732327428538725	0.000813146352823964	0.000743626062322946
ccallcenter_transacciones_delta2/cproductos	0.000715094235815037	0.000761904575229738	0.000389518413597734
mtarjeta_visa_consumo_delta2	0.000712527841421651	0.000787510585381178	0.000897072710103872
mcuenta_corriente_lag1/Visa_status_delta2	0.000701720076263891	0.00115699519160634	0.000779036827195467
mcomisiones_lag1/cpayroll_trx_lag1	0.000692135429989662	0.000858271755571487	0.000979697828139755
mtarjeta_visa_consumo_delta2/cliente_edad	0.000683995850607326	0.000613360904618831	0.000767233238904627
mtarjeta_visa_consumo_delta1/cpayroll_trx_lag2	0.000658682981505734	0.000495628267195372	0.00100330500472144
mcuenta_corriente/Visa_status_lag1	0.000636259827495507	0.00216078927934765	0.00112134088762984
cliente_antiguedad_+_cproductos	0.000635007945518809	0.00140452051261464	0.00106232294617564
mrentabilidad_delta2/cpayroll_trx	0.000629412926402424	0.000775234729331145	0.000755429650613787
mpayroll_sobre_edad_lag1/Master_fechaalta_lag1	0.000624447976404891	0.000922236026691479	0.000838054768649669
mpayroll_sobre_edad_lag1/ctrx_quarter	0.000610808037927973	0.00250499019972672	0.000956090651558074
mcaja_ahorro_lag2/cpayroll_trx	0.000607288138053189	0.00235578630659564	0.0010505193578848
chomebanking_transacciones_delta1/cpayroll_trx	0.000589359567218909	0.000255919102012406	0.000920679886685553
ctarjeta_visa_transacciones_delta1/cpayroll_trx	0.000568461725666119	0.000408088990584763	0.000767233238904627
mprestamos_personales_lag1	0.000566501067162573	0.00263876452013602	0.00106232294617564
Visa_mpagominimo/cpayroll_trx_lag1	0.000557195435345968	0.000504684495563857	0.000779036827195467
mpayroll_sobre_edad_lag2	0.000546163824271478	0.00147304126468259	0.000684608120868744
ccomisiones_mantenimiento_delta1/ccomisiones_mantenimiento	0.000542857808462275	0.000300672677670852	0.000224268177525968
cproductos/ccomisiones_mantenimiento	0.000539411837917387	0.00068962383644204	0.00086166194523135
mprestamos_personales_lag2/cliente_edad	0.000534061061062129	0.00115513049405043	0.000672804532577904
mrentabilidad_annual_lag2/cpayroll_trx	0.000504626378673184	0.000529851655194308	0.000542965061378659
Visa_mpagominimo/cliente_edad_delta1	0.00050290573265004	0.00116494595050655	0.0010505193578848
mtarjeta_visa_consumo_delta1	0.000501421811837488	0.000867066286639432	0.000790840415486308
mpayroll_sobre_edad/cliente_edad	0.000495703542511348	0.000151557222097238	0.000200661000944287
mpayroll_sobre_edad_lag1/cpayroll_trx_lag1	0.000478044182527314	0.000766085891822299	0.000542965061378659
Master_mpagominimo_delta2/cpayroll_trx	0.000474451619956872	0.000426467872416223	0.00057837582625118
mtarjeta_visa_consumo_delta2/cproductos	0.000468011232521529	0.00049917355644858	0.00056657223796034
mprestamos_personales_lag1/Visa_fechaalta_lag2	0.000466546042675895	0.000576234929238681	0.000424929178470255
mrentabilidad_annual/ccallcenter_transacciones_lag1	0.000461979452742189	0.000906270266514403	0.000684608120868744
ccomisiones_mantenimiento/cproductos	0.00041246834074316	0.00110682745755587	0.000672804532577904
mpayroll_sobre_edad_delta1/internet_delta1	0.000398306598250814	0.000462256716424439	0.000637393767705382
cpayroll_trx/cliente_antiguedad	0.000384061738749802	0.00146922676927963	0.000448536355051936
ccomisiones_mantenimiento_lag2/cpayroll_trx	0.00038025063887058	0.000155640367438906	0.000401322001888574
mtarjeta_master_consumo_lag1	0.000379939853467913	0.00127412656488127	0.000767233238904627
mpayroll_lag2	0.00037655209640389	0.000356762390804921	0.000365911237016053
internet_delta2/cpayroll_trx	0.00036267627464941	0.000418229274295968	0.000483947119924457
mtarjeta_master_consumo_delta2/cpayroll_trx	0.000361941939248498	0.000320783600722031	0.000472143531633617
mactivos_margen_delta2/Visa_status_lag2	0.000321640526012984	0.000435354734519003	0.000661000944287063
ctrx_quarter/cpayroll_trx	0.000316575818395879	0.00029802817221833	0.000354107648725213
cliente_edad_lag1/cpayroll_trx	0.000316562304204125	0.000121345228214106	0.000141643059490085
mrentabilidad_lag1/ccallcenter_transacciones_lag1	0.000295948383035602	0.000391691054419336	0.00057837582625118
mprestamos_personales_delta1/Master_status_delta2	0.000285966108623515	0.00107700036172157	0.000472143531633617
ccallcenter_transacciones_delta1/cliente_edad	0.000284548421453647	0.00162412459496249	0.000649197355996223
cpayroll_trx/kmes	0.000283087582008245	0.000848029685237543	0.000354107648725213
mpayroll_sobre_edad	0.000253584513905716	0.000360648915539277	0.00027148253068933
ctarjeta_visa_transacciones_lag1/cpayroll_trx	0.000253576879267801	0.000152406556375501	0.000365911237016053
mtarjeta_visa_consumo_lag2/cpayroll_trx	0.000251328672735389	0.000263973594274046	0.000377714825306893
mprestamos_personales/cpayroll_trx_delta2	0.00024372978397228	9.64414345173529e-05	0.000318696883852691
mpayroll_sobre_edad_delta1/cpayroll_trx_delta1	0.000202833980919691	0.00108623735868235	0.000436732766761095
mpayroll_sobre_edad/ccomisiones_mantenimiento_lag1	0.000196768076118166	7.6930941298122e-05	0.000200661000944287
mpayroll/internet_delta2	0.000187813592940249	0.000178605765615197	0.000377714825306893
Visa_status_delta2/cpayroll_trx	0.000187618014326881	0.00130685207651389	0.000330500472143532
ccallcenter_transacciones_lag1/cpayroll_trx	0.000184393390819009	0.000109730429000821	0.000247875354107649
mpayroll_sobre_edad_lag2/ccomisiones_mantenimiento	0.000163614413984414	3.41674887880874e-05	0.000129839471199245
Visa_fechaalta_delta1	0.000161818205756823	0.000118812243077754	0.000259678942398489
mpayroll_sobre_edad_delta1/ccallcenter_transacciones_lag2	0.000128344286224225	0.000201604258349154	0.000342304060434372
cproductos/cpayroll_trx	0.000101423194950507	0.000127090888393841	0.000118035882908404
cpayroll_trx_lag1/ccomisiones_mantenimiento	6.52779940807769e-05	4.32518058147594e-05	0.000118035882908404
cpayroll_trx/cliente_edad	6.2549384570021e-05	6.007913691327e-05	8.26251180358829e-05
cpayroll_trx/cproductos	3.91147509137308e-05	1.89178503420278e-05	4.72143531633617e-05
Visa_status_delta1/ccomisiones_mantenimiento	2.27717593226506e-05	7.85375569253403e-05	0.000106232294617564
