Feature	Gain	Cover	Frequency	pos
ccomisiones_mantenimiento/cpayroll_trx	0.0933440171398217	0.109456797866815	0.0466760961810467	1
ctrx_quarter_-_ccomisiones_mantenimiento	0.0877988007899997	0.0109770403888051	0.00565770862800566	2
ctrx_quarter_+_cpayroll_trx	0.0845393177456166	0.0225107729475813	0.00848656294200849	3
cpayroll_trx_-_ctrx_quarter	0.0734910073353997	0.0102013217913043	0.00565770862800566	4
ccomisiones_mantenimiento/ctrx_quarter	0.0672488414182511	0.0211742139523153	0.0127298444130127	5
ctrx_quarter/cliente_edad	0.0570440672039679	0.00500110342859324	0.00282885431400283	6
mtarjeta_visa_consumo_-_mtarjeta_master_consumo_lag1	0.0431837772086226	0.050815790477992	0.0311173974540311	7
mprestamos_personales_delta2/cpayroll_trx	0.0385336675760744	0.0326108779807091	0.0127298444130127	8
mpasivos_margen/kmes	0.0281144616209782	0.0113619959280996	0.0155586987270156	9
mcaja_ahorro_lag2/cliente_edad	0.0249209235017258	0.0230276421307289	0.0254596888260255	10
mcaja_ahorro_-_cliente_edad_lag1	0.0217357576606833	0.0117867744542177	0.0099009900990099	11
chomebanking_transacciones_delta1/ctrx_quarter	0.0191344309982547	0.016839315907458	0.016973125884017	12
ccomisiones_mantenimiento_delta1/cpayroll_trx	0.0178661628857411	0.0294167425792353	0.016973125884017	13
mrentabilidad_annual/ccomisiones_mantenimiento	0.0166832356376245	0.00470574960965177	0.0113154172560113	14
Master_mpagominimo/cproductos	0.0166460562093914	0.0403655750190404	0.0183875530410184	15
mprestamos_personales_-_mtarjeta_visa_consumo_delta2	0.0156108545670869	0.0133025368901898	0.0127298444130127	16
cproductos_-_ccomisiones_mantenimiento	0.0143156334455079	0.00568804995129981	0.00848656294200849	17
mrentabilidad_annual/kmes	0.0138652550478656	0.0115611108622174	0.0198019801980198	18
mprestamos_personales_lag2_-_ctarjeta_visa_transacciones_lag1	0.0132976348935021	0.021619733617404	0.0155586987270156	19
mrentabilidad_annual_delta2/ccomisiones_mantenimiento_lag1	0.0128909402410756	0.0122165308536887	0.0183875530410184	20
mpasivos_margen_-_Master_status_delta1	0.0123521335722257	0.00358489845968006	0.00565770862800566	21
mcaja_ahorro_-_mtarjeta_master_consumo_delta2	0.0117205218157176	0.0023976756650024	0.00424328147100424	22
mrentabilidad_delta2_-_Visa_mpagominimo_delta2	0.0106735621185085	0.00914767193159738	0.0099009900990099	23
Visa_status_lag2_-_chomebanking_transacciones_delta1	0.0106726395416421	0.00940237311815646	0.0099009900990099	24
ctrx_quarter_-_cliente_antiguedad	0.00799239679951102	0.0122488870304828	0.0113154172560113	25
ctarjeta_visa_transacciones_delta1/cpayroll_trx	0.00783931303835999	0.00825912153809649	0.00565770862800566	26
cproductos_-_cpayroll_trx	0.00766041605569555	0.0134037536483663	0.00848656294200849	27
Visa_mpagominimo_delta1/cpayroll_trx	0.00640124750257527	0.0044037586262397	0.00707213578500707	28
mtarjeta_visa_consumo_delta2/cproductos	0.00619566551123235	0.0358796814824771	0.041018387553041	29
mrentabilidad_annual_lag2/Master_fechaalta_lag1	0.0061946038567176	0.0086747739630675	0.0099009900990099	30
mcomisiones_lag1_-_cdescubierto_preacordado_lag1	0.00616161735808364	0.00632687703159456	0.00707213578500707	31
cproductos_-_ctrx_quarter	0.00545431458436753	0.00538108109453479	0.00565770862800566	32
mcaja_ahorro/ctrx_quarter	0.00527174380751228	0.00191814053200192	0.00565770862800566	33
mactivos_margen_lag1/kmes	0.00510552354527837	0.00766758425465473	0.0198019801980198	34
mpayroll_sobre_edad_delta1_-_mtarjeta_visa_consumo_lag2	0.00433920369212428	0.00515873608476986	0.00424328147100424	35
mrentabilidad/Visa_fechaalta_lag1	0.00419797860284562	0.00431083832365137	0.00707213578500707	36
mactivos_margen_-_Master_fechaalta_lag1	0.00400266855224718	0.00394330534109218	0.00707213578500707	37
Visa_mpagominimo/cpayroll_trx	0.00392487962300784	0.0449468777948685	0.0424328147100424	38
mcomisiones_lag2_-_kmes_delta2	0.0038360073484893	0.00361559534535656	0.00565770862800566	39
ctarjeta_visa_transacciones_lag1_-_chomebanking_transacciones_delta1	0.0035868017004691	0.0104444079400399	0.0141442715700141	40
mprestamos_personales_lag2/cliente_edad	0.00332815303044564	0.013046176412513	0.00707213578500707	41
cliente_edad_lag1_-_chomebanking_transacciones_lag1	0.00325838682541116	0.00439048429729851	0.00565770862800566	42
canarito31	0.00316151205958822	0.00515541750253457	0.00565770862800566	43
cpayroll_trx_lag2_-_ccomisiones_mantenimiento_lag1	0.00298229818721955	0.00336089415879748	0.00565770862800566	44
mcuentas_saldo_delta2_-_mcuenta_corriente_delta1	0.00297053072865375	0.00494468753059318	0.00565770862800566	45
Visa_mpagominimo/cpayroll_trx_lag1	0.00285902266933544	0.00930198600553871	0.00848656294200849	46
mtarjeta_master_consumo_lag1/cliente_edad	0.00282212643752863	0.0116349493169528	0.0155586987270156	47
canarito6	0.00271170680089057	0.0112334008664818	0.0141442715700141	48
mcaja_ahorro/cliente_antiguedad	0.00264059399597901	0.0021628859718551	0.00282885431400283	49
ccomisiones_mantenimiento_delta1_-_cproductos_lag2	0.00257980498501476	0.0116316307347175	0.0099009900990099	50
mcuentas_saldo/cpayroll_trx	0.00249566140850166	0.00403456635256286	0.00424328147100424	51
Master_fechaalta_lag2/ctrx_quarter	0.00248424115666994	0.00220187931311985	0.00424328147100424	52
Master_status_delta2_-_chomebanking_transacciones_lag2	0.0024226483925007	0.00162195706750162	0.00424328147100424	53
mpasivos_margen_lag2_-_cliente_antiguedad_delta1	0.00235476679445097	0.00208158070709032	0.00141442715700141	54
canarito5	0.00229584157276534	0.00262499854812027	0.00424328147100424	55
mcaja_ahorro_delta2/cpayroll_trx	0.00220870395357763	0.00320326150262085	0.00565770862800566	56
cliente_antiguedad_-_kmes	0.00214416765045384	0.00212721121282566	0.00424328147100424	57
Visa_fechaalta_lag2_-_Master_status_lag1	0.00210048776509724	0.00413412381962178	0.00565770862800566	58
ctrx_quarter_+_cliente_antiguedad	0.00205679413897145	0.000499446626412264	0.00141442715700141	59
ccallcenter_transacciones_lag1_-_ccallcenter_transacciones_delta2	0.00205248790332154	0.013386331091631	0.00707213578500707	60
Visa_mpagominimo_lag1/ctrx_quarter	0.00191980666213672	0.0036952413190037	0.00848656294200849	61
cpayroll_trx_lag2_-_cliente_edad_lag1	0.0018904654852631	0.0059535365301236	0.00424328147100424	62
mpasivos_margen_lag2_-_internet_lag1	0.00187534650011072	0.000711006243912476	0.00141442715700141	63
canarito17	0.00186927503882133	0.00281830596332635	0.00565770862800566	64
kmes_-_cliente_edad	0.00178753397627497	0.00201106083459025	0.00282885431400283	65
cproductos_+_cproductos	0.00173135015891246	0.00355171263732708	0.00282885431400283	66
cliente_edad_-_ccomisiones_mantenimiento	0.00166102289545757	0.00444524090418092	0.00565770862800566	67
cliente_antiguedad_lag1_-_ctarjeta_visa_transacciones_lag2	0.00159291690703792	0.00247815128420836	0.00282885431400283	68
canarito23	0.0015820129829147	0.00346625914476817	0.00282885431400283	69
mcuentas_saldo_lag1_-_mcomisiones_lag2	0.00154691300504028	0.00354590511841531	0.00282885431400283	70
ctrx_quarter_-_cpayroll_trx	0.00147094979845094	0.0056606716478586	0.00282885431400283	71
canarito4	0.00142513405203096	0.0020127201257079	0.00282885431400283	72
canarito36	0.00140815416439116	0.00254784151114961	0.00565770862800566	73
canarito20	0.00138556298285871	0.00337002025994455	0.00848656294200849	74
canarito21	0.0013520735004667	0.00251382604323781	0.00282885431400283	75
mcuenta_corriente_delta2/cliente_antiguedad_lag1	0.0012531123772538	0.00183849455835478	0.00141442715700141	76
canarito29	0.00123845518680918	0.00152986641047212	0.00282885431400283	77
chomebanking_transacciones_delta2/kmes	0.00121409393160647	0.00306139211206189	0.00565770862800566	78
canarito32	0.00120922027712351	0.03414157403674	0.0466760961810467	79
mrentabilidad_lag1/ctrx_quarter	0.00118389510039212	0.00139380453882492	0.00141442715700141	80
cliente_edad/ccomisiones_mantenimiento	0.00114062587649868	0.00162278671306045	0.00282885431400283	81
canarito33	0.00091546728016549	0.00507660117444625	0.00707213578500707	82
cproductos_delta1_-_chomebanking_transacciones_lag1	0.000914052468834407	0.00125276479382478	0.00282885431400283	83
mcuentas_saldo_lag2/ccomisiones_mantenimiento	0.000884570538193422	0.00582328217738818	0.00707213578500707	84
cliente_edad_+_kmes	0.000882068212982416	0.000886061456824415	0.00282885431400283	85
mcuenta_corriente_lag1/kmes	0.000864077240837391	0.001355640843119	0.00282885431400283	86
cliente_antiguedad_+_cliente_antiguedad	0.000856781933166255	0.00218279746526689	0.00141442715700141	87
chomebanking_transacciones_lag1/ccomisiones_mantenimiento	0.000772836669495839	0.00235204515926706	0.00424328147100424	88
canarito40	0.000691260479972349	0.00162278671306045	0.00282885431400283	89
mcaja_ahorro_delta1/cpayroll_trx_lag1	0.00068171186184022	0.00206166921367853	0.00282885431400283	90
mpayroll_sobre_edad_-_mrentabilidad_delta1	0.000674762927321759	0.00115486661788351	0.00141442715700141	91
ccomisiones_mantenimiento_lag2/kmes	0.000669572745361126	0.000745851357383099	0.00141442715700141	92
ctarjeta_visa_transacciones_delta2_-_cdescubierto_preacordado_delta2	0.00063122372066268	0.00390265270870979	0.00424328147100424	93
canarito10	0.000602192015565108	0.000547566068824077	0.00141442715700141	94
cliente_antiguedad/cpayroll_trx	0.000592211374606519	0.00164933537094283	0.00282885431400283	95
cliente_edad_lag2/cliente_antiguedad	0.000589589468026602	0.000661227510383014	0.00141442715700141	96
ccomisiones_mantenimiento/cliente_antiguedad	0.000585883592618638	0.0011955192502659	0.00282885431400283	97
canarito18	0.000581565956750903	0.0010694131253246	0.00282885431400283	98
cliente_antiguedad_+_cliente_edad	0.000553954466448087	0.000461282930706344	0.00141442715700141	99
mcuenta_corriente_lag1_-_mtarjeta_master_consumo_lag1	0.000538355314582783	0.00224004300882577	0.00565770862800566	100
mpayroll_sobre_edad_lag2/ccomisiones_mantenimiento	0.000477146050097029	0.00642560485309466	0.00707213578500707	101
mcomisiones_lag1/ctrx_quarter	0.000470230633899432	0.00371681210353313	0.00282885431400283	102
ctarjeta_visa_transacciones_lag2_-_cliente_antiguedad_lag1	0.000467639502709288	0.000910121178030322	0.00282885431400283	103
chomebanking_transacciones_delta2_-_chomebanking_transacciones_delta1	0.000461941031008975	0.00683876834138919	0.0127298444130127	104
canarito9	0.000454367972126776	0.00522759666615229	0.00565770862800566	105
canarito22	0.000420399784553219	0.00105447950526576	0.00141442715700141	106
mcuentas_saldo_lag2/cliente_edad	0.000420085180351293	0.0011274883144423	0.00282885431400283	107
cliente_antiguedad_lag1_-_cpayroll_trx_lag2	0.000370529319224049	0.000565818271118213	0.00141442715700141	108
ctrx_quarter_lag1/cliente_antiguedad	0.000365655920477201	0.000605641257941782	0.00141442715700141	109
canarito38	0.000356608939051215	0.000802267255383155	0.00141442715700141	110
mcomisiones_delta2/Visa_status_lag2	0.000345608569627629	0.00109347284653051	0.00141442715700141	111
mpayroll_delta1/Master_fechaalta_lag1	0.000321688001552537	0.00048534265191225	0.00141442715700141	112
canarito27	0.000307774130623821	0.000928373380324458	0.00141442715700141	113
canarito25	0.000287642412737976	0.000438052855059262	0.00141442715700141	114
Master_status_lag1_-_kmes_delta1	0.00028669321666504	0.00642477520753584	0.00848656294200849	115
canarito3	0.000284922751098335	0.00166095040876637	0.00282885431400283	116
mcomisiones/ccomisiones_mantenimiento	0.000266017212073378	0.000998893252824528	0.00282885431400283	117
canarito34	0.000260617676548773	0.00048534265191225	0.00141442715700141	118
canarito19	0.000246934883786276	0.000483683360794601	0.00141442715700141	119
mactivos_margen_delta2/cpayroll_trx_lag1	0.000245639065053933	0.00116648165570705	0.00282885431400283	120
cproductos_lag2_-_cliente_edad_delta2	0.000231913826595411	0.000949114519295067	0.00141442715700141	121
canarito26	0.000193094340062851	0.000652101409235946	0.00141442715700141	122
mrentabilidad_delta1/cproductos	0.000188518612665804	0.000594855865677065	0.00141442715700141	123
mpayroll_delta1_-_cliente_edad_delta1	0.000186426722418342	0.00185010959617832	0.00141442715700141	124
cdescubierto_preacordado_lag1/cproductos	0.000184828504093594	0.000496957689735791	0.00141442715700141	125
canarito1	0.00013722700757377	0.000434734272823964	0.00141442715700141	126
mcuenta_corriente_delta1/cpayroll_trx	0.000118143232787975	0.000704369079441881	0.00141442715700141	127
mtarjeta_visa_consumo_delta1_-_ccomisiones_mantenimiento_lag1	0.000103156274543645	0.00295270854385589	0.00282885431400283	128
mcaja_ahorro/cproductos	9.82238970727404e-05	0.000476216550765182	0.00141442715700141	129
ccomisiones_mantenimiento_lag1/ctrx_quarter	9.27996408995965e-05	0.00168335083885462	0.00282885431400283	130
chomebanking_transacciones_delta1/ccomisiones_mantenimiento	8.57830138444194e-05	0.000433074981706316	0.00141442715700141	131
canarito37	5.98210132349453e-05	0.0101971735635102	0.0155586987270156	132
mrentabilidad_delta2_-_ctarjeta_visa_transacciones_delta1	4.84857682927536e-05	0.000473727614088709	0.00141442715700141	133
mcomisiones_delta2_-_mprestamos_personales_lag1	4.50731433729602e-05	0.000443030728412208	0.00141442715700141	134
canarito39	3.95213457796749e-05	0.000637997434735932	0.00141442715700141	135
mcaja_ahorro_delta1_-_chomebanking_transacciones_delta1	2.33635666314716e-05	0.00257024194123786	0.00282885431400283	136
mpayroll_delta2/kmes	1.83029943439701e-05	0.0013655965898249	0.00141442715700141	137
ctrx_quarter/cpayroll_trx	1.48514286294578e-05	0.0115561329888645	0.0155586987270156	138
canarito14	1.3936851046625e-05	0.00128512097061893	0.00141442715700141	139
cpayroll_trx/ctrx_quarter	1.95373571040576e-07	0.00399391372018046	0.00565770862800566	140
mpayroll_-_kmes_lag1	1.00496777970644e-07	0.00278677943209102	0.00424328147100424	141
cliente_edad/ctrx_quarter	1.07938133743128e-08	0.000706858016118354	0.00141442715700141	142
mpayroll_delta2/ccomisiones_mantenimiento	1.11298461879513e-09	0.000472897968529885	0.00141442715700141	143
cpayroll_trx/cproductos	5.73616108961909e-10	0.0013622780075896	0.00282885431400283	144
mtarjeta_visa_consumo_lag2_-_mtarjeta_master_consumo	3.16104703323737e-10	0.000881083583471469	0.00282885431400283	145
cpayroll_trx/kmes	2.61675012775771e-10	0.000567477562235862	0.00141442715700141	146
canarito16	2.34354033093601e-10	0.00043390462726514	0.00141442715700141	147
mtarjeta_master_consumo_lag2_-_ctrx_quarter_lag1	6.24841626729953e-11	0.000453816120676924	0.00141442715700141	148
