Feature	Gain	Cover	Frequency	pos
ctrx_quarter_+_cpayroll_trx	0.209297299374845	0.0381967993035803	0.0162094763092269	1
ctrx_quarter/cliente_edad	0.109544605663934	0.0255221340289818	0.0187032418952618	2
mcaja_ahorro_-_mpayroll_sobre_edad_delta1	0.0470459320187215	0.0151835693534836	0.00997506234413965	3
ctrx_quarter_+_cproductos	0.0431931333122422	0.0104419575525243	0.00623441396508728	4
ccomisiones_mantenimiento_delta2/ccomisiones_mantenimiento	0.0349768433823336	0.0376350072375014	0.0249376558603491	5
mpayroll/kmes	0.0285698835904599	0.0377318928705189	0.0261845386533666	6
ccomisiones_mantenimiento_-_cproductos	0.02724689587367	0.0165941952491335	0.0199501246882793	7
ctrx_quarter/kmes	0.026622842145717	0.0169737844829705	0.00997506234413965	8
mcomisiones_delta2_-_Visa_mpagominimo	0.0211995341695522	0.0278654648992028	0.0187032418952618	9
mactivos_margen_-_mprestamos_personales_delta2	0.0201874276313557	0.0233263006896233	0.0211970074812968	10
mpayroll_sobre_edad/mprestamos_personales_lag2	0.0193787157682211	0.00522603996604665	0.00623441396508728	11
mtarjeta_visa_consumo_lag1/kmes	0.0174862595937449	0.0106523584421369	0.013715710723192	12
cliente_edad/cpayroll_trx	0.0168317229608014	0.0153021457998632	0.00498753117206983	13
mtarjeta_visa_consumo_delta2/cpayroll_trx	0.0167086406222437	0.0229922621638466	0.0261845386533666	14
mcuentas_saldo/cliente_edad	0.015998793625591	0.011441904048518	0.0124688279301746	15
mtarjeta_visa_consumo_-_Visa_mpagominimo_lag1	0.0147884784459827	0.0272508918539427	0.0187032418952618	16
mpayroll_sobre_edad/ctrx_quarter_lag2	0.013267788159226	0.0339417847490445	0.013715710723192	17
mprestamos_personales_lag2_-_mcuentas_saldo_lag2	0.0116198571921087	0.0219901465865167	0.0187032418952618	18
mrentabilidad_annual_lag2/kmes	0.0115852990455092	0.013141017761884	0.0162094763092269	19
mpayroll_lag2_-_mrentabilidad_annual_lag1	0.0115112179060635	0.00816514517661383	0.00872817955112219	20
mtarjeta_visa_consumo_lag2_-_cliente_antiguedad_lag1	0.0102524506628917	0.00250601197043687	0.00623441396508728	21
mpayroll_-_mcuenta_corriente_lag2	0.0100096267500527	0.0230891477968641	0.0162094763092269	22
mactivos_margen_lag2/cliente_antiguedad	0.00932530577151826	0.0145639351184391	0.00997506234413965	23
mpasivos_margen_-_mpayroll_lag1	0.00921979430648792	0.009794125260109	0.0124688279301746	24
mrentabilidad_annual_lag1_-_Master_mpagominimo_lag2	0.0088413281901699	0.00827649135187271	0.00997506234413965	25
Master_mpagominimo_lag1_-_Master_fechaalta_lag2	0.00854748479168499	0.00871681486312374	0.00997506234413965	26
mcuentas_saldo_lag1_-_mrentabilidad_annual_delta1	0.00772863845424944	0.000761347549010393	0.00249376558603491	27
cliente_edad_-_cproductos	0.00676857178025396	0.0196403084722871	0.013715710723192	28
ccallcenter_transacciones_delta2/cliente_edad	0.00654443313806557	0.0255640696014819	0.00872817955112219	29
Visa_mpagominimo/cpayroll_trx	0.00654006829088371	0.0406630447828533	0.0374064837905237	30
mcomisiones_lag1_-_ccallcenter_transacciones_delta2	0.00617242769369923	0.00569311548044429	0.00872817955112219	31
Master_fechaalta_lag2_-_mrentabilidad_annual_delta2	0.00601820118405428	0.0113457414426126	0.0149625935162095	32
Visa_mpagominimo_delta2/cdescubierto_preacordado_lag1	0.00555586960800367	0.0103848384106707	0.013715710723192	33
Visa_mpagominimo_-_ccallcenter_transacciones_lag2	0.00517676935552883	0.0258496653107498	0.027431421446384	34
mcaja_ahorro_delta2/ccomisiones_mantenimiento_delta2	0.00493860267281523	0.00337942872181821	0.00748129675810474	35
mrentabilidad_lag1_-_cproductos_delta1	0.00478813811421606	0.00548849880772829	0.00623441396508728	36
mactivos_margen_delta1_-_mpasivos_margen_lag1	0.00464487938006028	0.00380312260949161	0.00623441396508728	37
mrentabilidad_annual_delta2_-_mtarjeta_master_consumo_delta2	0.00448063017853464	0.00267881545022175	0.00623441396508728	38
cpayroll_trx_-_ccomisiones_mantenimiento	0.00442754512447213	0.00378938509436227	0.00249376558603491	39
mrentabilidad_annual_lag2_-_Master_mpagominimo_lag1	0.00442448806912895	0.005096618112986	0.00748129675810474	40
mprestamos_personales_lag1/mtarjeta_master_consumo_delta1	0.00424065693427378	0.0037170823831552	0.00498753117206983	41
cliente_antiguedad/ctrx_quarter	0.00422602167062052	0.00380456866371575	0.00623441396508728	42
ccallcenter_transacciones_lag1/ccomisiones_mantenimiento	0.00418751175855089	0.0161025368129254	0.0149625935162095	43
Visa_fechaalta_delta2_-_Visa_fechaalta_lag2	0.00386975526678759	0.00942248932450469	0.00623441396508728	44
canarito5	0.00370799607356116	0.00422247833449259	0.00748129675810474	45
canarito39	0.00347739727823844	0.00435551532311359	0.00748129675810474	46
Master_mpagominimo_delta2_-_cliente_edad_lag1	0.00329830098720364	0.00889540255980519	0.00623441396508728	47
canarito29	0.00304370830596981	0.00737849167868097	0.00997506234413965	48
mcuenta_corriente_delta2_-_mcaja_ahorro_lag1	0.00297365873501413	0.00396724976393165	0.00623441396508728	49
mpayroll_lag2/ctrx_quarter	0.00292319532065511	0.0104723246912313	0.00748129675810474	50
cproductos/ctrx_quarter	0.00284791828628553	0.000778700199700088	0.00124688279301746	51
mrentabilidad_annual_delta2_-_cliente_antiguedad_lag1	0.00280808132812167	0.00132820080487378	0.00374064837905237	52
mpayroll_sobre_edad_lag1/ccomisiones_mantenimiento	0.00276777238549616	0.00596208156613457	0.00374064837905237	53
mcuenta_corriente_delta2/cpayroll_trx	0.00269762226808701	0.00535546181910729	0.00498753117206983	54
canarito23	0.00247470078229036	0.00256457716651459	0.00498753117206983	55
Master_mpagominimo_lag1_-_Visa_fechaalta_lag1	0.0024591919947524	0.006160914021954	0.00623441396508728	56
mcuenta_corriente_-_mpayroll_delta2	0.00237386058255567	0.00974423638937613	0.0112219451371571	57
mprestamos_personales_delta1/ctrx_quarter	0.00235585722077553	0.0035225880900082	0.00374064837905237	58
mcuentas_saldo_-_mtarjeta_master_consumo	0.00223945465039339	0.00166874657465906	0.00374064837905237	59
Visa_fechaalta_lag2/cliente_edad	0.00215034658258876	0.00118359538245965	0.00249376558603491	60
cliente_antiguedad/kmes	0.00213289382281576	0.0024929974824196	0.00374064837905237	61
canarito6	0.00210162214131734	0.0071731519788529	0.00872817955112219	62
ctrx_quarter/cliente_antiguedad	0.00203523188380455	0.00162102678526239	0.00249376558603491	63
Visa_mpagominimo_delta2/kmes	0.00201430769724536	0.00622670948915242	0.00748129675810474	64
ctarjeta_visa_transacciones_lag1_-_mtarjeta_master_consumo_lag2	0.0019713598026857	0.00329049638703352	0.00498753117206983	65
Visa_mpagominimo_delta1/chomebanking_transacciones_delta1	0.00192399919741452	0.00364044150927572	0.00498753117206983	66
mcaja_ahorro_-_mtarjeta_visa_consumo_delta2	0.00188717002188964	0.00373805016940525	0.00498753117206983	67
Master_mpagominimo_lag1_-_internet_delta2	0.00188536625893388	0.00621947921803172	0.00249376558603491	68
mpasivos_margen_lag2/kmes	0.00183383902424036	0.00241129541875561	0.00498753117206983	69
ccomisiones_mantenimiento_delta2_-_ccomisiones_mantenimiento_lag2	0.00179390050710889	0.000529255846035715	0.00124688279301746	70
canarito4	0.0017802304538199	0.00381758315173302	0.00623441396508728	71
mrentabilidad_-_kmes_delta2	0.0017120251142845	0.00438515943470848	0.00374064837905237	72
mcuentas_saldo_delta1/kmes	0.00170963423048045	0.00208810229966003	0.00249376558603491	73
mrentabilidad_delta2/cpayroll_trx	0.00165571621230455	0.000399110965862998	0.00124688279301746	74
mtarjeta_visa_consumo_lag2_-_mtarjeta_master_consumo_lag1	0.00164821277343198	0.00342281034854245	0.00623441396508728	75
mcaja_ahorro_lag1_-_Master_mpagominimo_delta2	0.00161559009135741	0.00117202694866652	0.00249376558603491	76
cproductos_-_cliente_antiguedad	0.00157626198705144	0.00181841318685768	0.00374064837905237	77
mrentabilidad_annual/cliente_antiguedad_lag1	0.00153266395621373	0.00505106740492555	0.00623441396508728	78
mpayroll_sobre_edad_-_Master_mpagominimo_lag1	0.00152880536196202	0.00269182993823902	0.00374064837905237	79
canarito32	0.00151895727255416	0.0090132559790727	0.0149625935162095	80
canarito21	0.00142921032419112	0.00537064538846078	0.00623441396508728	81
mpayroll_lag1_-_cliente_edad_lag2	0.00141277681938811	0.00430779553371692	0.00498753117206983	82
mactivos_margen_lag2/cproductos	0.00130113749312393	0.0018032296175042	0.00498753117206983	83
canarito35	0.00117167140979302	0.00239466579517799	0.00374064837905237	84
canarito31	0.00116951639337505	0.00351246571043921	0.00374064837905237	85
canarito3	0.00114350160289987	0.00184878032556465	0.00249376558603491	86
mcuentas_saldo_delta2_-_Master_fechaalta_delta1	0.00113054025753683	0.00133904621155484	0.00374064837905237	87
canarito7	0.00109486232357692	0.00198615547685807	0.00374064837905237	88
cliente_antiguedad_-_cliente_edad	0.00108616073428903	0.00103175968892482	0.00249376558603491	89
canarito18	0.00104237603381076	0.00219872544780684	0.00374064837905237	90
ctrx_quarter_+_cliente_antiguedad	0.00102535934780134	0.00226307486078113	0.00249376558603491	91
Visa_mpagominimo_lag2/Visa_mpagominimo_lag1	0.00100678170124006	0.00394411289634539	0.00374064837905237	92
mrentabilidad_lag2/cliente_antiguedad	0.00100084611853365	0.00120094803314935	0.00249376558603491	93
canarito17	0.000995055119413783	0.00222764653228967	0.00374064837905237	94
cpayroll_trx_+_cliente_edad	0.000978969867884116	0.00514939909216716	0.00872817955112219	95
ctrx_quarter/cproductos	0.000974872926995053	0.00282558995397209	0.00498753117206983	96
Master_mpagominimo_delta1_-_mcuentas_saldo_lag2	0.000972801976790014	0.00219294123091028	0.00498753117206983	97
mcuenta_corriente_lag2/ctrx_quarter	0.000910544347735895	0.00056829931008753	0.00124688279301746	98
canarito8	0.000883284391481763	0.00208087202853933	0.00249376558603491	99
cliente_edad/ccomisiones_mantenimiento	0.00087898645075076	0.000500334761552889	0.00124688279301746	100
canarito36	0.000875978129444066	0.00421814017182016	0.00374064837905237	101
mcuentas_saldo_delta2_-_Visa_status_delta1	0.000869890860377077	0.000879923995389979	0.00249376558603491	102
mactivos_margen_lag1_-_cdescubierto_preacordado_delta2	0.000867430143775279	0.000911014161209017	0.00249376558603491	103
canarito26	0.000860424391947169	0.00277497805612715	0.00249376558603491	104
Visa_mpagominimo_delta2_-_Visa_fechaalta_lag2	0.000859781031325761	0.000900891781640028	0.00249376558603491	105
cliente_edad_+_cproductos	0.00084216523681527	0.00253565608203176	0.00249376558603491	106
chomebanking_transacciones_lag2_-_Master_fechaalta_lag2	0.000830549616093173	0.00176057101789203	0.00124688279301746	107
canarito14	0.000804456333945697	0.00130578696439959	0.00249376558603491	108
canarito25	0.000803539599010953	0.00111056964414052	0.00249376558603491	109
kmes_+_cliente_edad	0.000770162188087309	0.00324711476030928	0.00374064837905237	110
mtarjeta_visa_consumo_delta1_-_cdescubierto_preacordado_lag1	0.000766333547583609	0.0038255364499658	0.00124688279301746	111
canarito28	0.000755420940093835	0.00280462216772205	0.00374064837905237	112
ccomisiones_mantenimiento/cproductos	0.000753306676566391	0.000500334761552889	0.00124688279301746	113
kmes_-_cproductos	0.000722241666619574	0.001453284495262	0.00124688279301746	114
canarito27	0.000714667623344709	0.00543427177432299	0.00997506234413965	115
ctrx_quarter_delta2/kmes	0.000712054478416112	0.000749779115217262	0.00124688279301746	116
mtarjeta_master_consumo_lag2/ctrx_quarter	0.000702482739116916	0.00131374026263237	0.00124688279301746	117
Visa_mpagominimo_lag1_-_Master_mpagominimo_lag1	0.000689318752903917	0.000819912745088115	0.00124688279301746	118
mcuentas_saldo_lag2_-_mcuentas_saldo_delta1	0.00066311983427041	0.000522025574915008	0.00124688279301746	119
canarito24	0.000652893337808429	0.00317987323888671	0.00124688279301746	120
canarito1	0.000647266884057487	0.000877754914053767	0.00249376558603491	121
canarito30	0.000641061034780047	0.00102742152625239	0.00249376558603491	122
mcuenta_corriente_lag1/cproductos	0.000618466865369427	0.0038255364499658	0.00124688279301746	123
cliente_antiguedad_+_cproductos	0.000614387509945329	0.000394049776078503	0.00124688279301746	124
mcomisiones_delta2/cliente_edad	0.000592835009385483	0.0030077927862139	0.00374064837905237	125
canarito19	0.000591962112789869	0.00282269784552381	0.00249376558603491	126
canarito22	0.000577859115773302	0.000933428001683207	0.00249376558603491	127
Master_mpagominimo_delta2/mcuentas_saldo_delta1	0.000572550360677568	0.00361007437056875	0.00124688279301746	128
mrentabilidad_delta1/cliente_antiguedad_delta2	0.000570334865899962	0.000965241194614316	0.00124688279301746	129
kmes/cliente_antiguedad	0.000567417922026356	0.00138242783827908	0.00124688279301746	130
canarito20	0.000566459792142418	0.000673138241337774	0.00124688279301746	131
internet_lag2_-_kmes_delta1	0.000562476424489351	0.00072519619340686	0.00124688279301746	132
Master_fechaalta_delta2/cliente_antiguedad	0.000548007311351688	0.000717242895174083	0.00124688279301746	133
mactivos_margen/mtarjeta_visa_consumo_delta2	0.000518594474238431	0.00133109291332206	0.00374064837905237	134
mrentabilidad_delta1/Visa_status_lag1	0.000505731172303888	0.000676753376898127	0.00124688279301746	135
mrentabilidad_delta1/cliente_antiguedad	0.000505084298194762	0.000676753376898127	0.00124688279301746	136
mrentabilidad_lag2/cliente_edad	0.000498789126963724	0.00115684337931304	0.00124688279301746	137
mrentabilidad_annual_delta2/internet_delta2	0.000487833144843858	0.000376697125388808	0.00124688279301746	138
canarito37	0.000472891128743953	0.00176707826190066	0.00249376558603491	139
canarito38	0.000453644783652225	0.00235345324978996	0.00374064837905237	140
mcomisiones_lag2/cproductos	0.000432790667918793	0.000477197893966628	0.00124688279301746	141
kmes/cproductos	0.000358442235882124	0.000444661673923449	0.00124688279301746	142
mrentabilidad_annual_delta1/cproductos	0.000339103892477657	0.00098187081819194	0.00124688279301746	143
Visa_mpagominimo_delta2/mpasivos_margen_delta2	0.000329027851763803	0.000376697125388808	0.00124688279301746	144
ccomisiones_mantenimiento_+_kmes	0.000328861130529392	0.00197386401595287	0.00124688279301746	145
canarito12	0.00032164799375116	0.000428032050345824	0.00124688279301746	146
mcomisiones_lag2/cpayroll_trx_lag1	0.00031945983997188	0.00263109566082509	0.00249376558603491	147
mactivos_margen_delta2_-_cproductos_delta2	0.000308783242547891	0.00155595434517604	0.00124688279301746	148
cproductos_lag1/kmes	0.000209415103963383	0.00147569833573619	0.00124688279301746	149
mtarjeta_master_consumo_delta1_-_mactivos_margen_delta2	8.5196989715459e-05	0.00190734552164237	0.00249376558603491	150
ctrx_quarter_+_ccomisiones_mantenimiento	8.00858894828283e-05	0.00223343074918623	0.00374064837905237	151
mcuentas_saldo_delta1/ccomisiones_mantenimiento	6.01381131300634e-05	0.000376697125388808	0.00124688279301746	152
mcomisiones_delta1_-_ccallcenter_transacciones_lag2	4.06960549568318e-05	0.000377420152500878	0.00124688279301746	153
canarito13	2.90748844501788e-05	0.00107297223431284	0.00124688279301746	154
kmes_lag1_-_mcaja_ahorro_delta1	2.76972126987016e-05	0.00213654511616877	0.00249376558603491	155
ctrx_quarter_+_ctrx_quarter	1.9871117222918e-05	0.0031162468530245	0.00498753117206983	156
Visa_mpagominimo_lag2_-_mcaja_ahorro_lag1	6.85765586852856e-06	0.00100645374000234	0.00124688279301746	157
mcomisiones_-_mcuenta_corriente_lag1	6.10588621048203e-06	0.00323048513673166	0.00498753117206983	158
mtarjeta_visa_consumo_lag2_-_mrentabilidad_lag1	4.74937444556527e-06	0.00179672237349556	0.00249376558603491	159
mtarjeta_visa_consumo_delta2_-_mtarjeta_visa_consumo_delta1	3.950584204303e-06	0.00111635386103708	0.00124688279301746	160
mpayroll_sobre_edad_lag1/kmes	6.33367745179353e-07	0.00192252909099585	0.00249376558603491	161
mpayroll_sobre_edad_-_Master_status_lag2	5.06124942201361e-07	0.00167525381866769	0.00249376558603491	162
Master_mpagominimo_lag1/mpayroll_sobre_edad_lag1	2.96253122346529e-07	0.000448999836595873	0.00124688279301746	163
mpayroll_sobre_edad_lag1_-_internet_lag2	2.60410193966391e-07	0.0124324511920548	0.0199501246882793	164
mpayroll_lag2_-_mtarjeta_master_consumo	8.34807291612775e-10	0.00172948085207299	0.00249376558603491	165
kmes_-_cliente_edad	5.55092507679336e-10	0.000476474866854557	0.00124688279301746	166
kmes_delta2/cliente_edad	2.20451685875609e-10	0.000831481178881246	0.00249376558603491	167
cliente_edad_+_ccomisiones_mantenimiento	1.51579632735344e-10	0.000581313798104801	0.00124688279301746	168
cpayroll_trx_lag2/cliente_antiguedad	3.28552889789151e-11	0.000422247833449259	0.00124688279301746	169
