Feature	Gain	Cover	Frequency	pos
ctrx_quarter_+_cpayroll_trx	0.112843596413805	0.0185847087382294	0.0130548302872063	1
ccomisiones_mantenimiento/cpayroll_trx	0.0992780124671524	0.0946670358826796	0.0352480417754569	2
ccomisiones_mantenimiento/ctrx_quarter	0.0779013669477118	0.0273841898292025	0.0130548302872063	3
mtarjeta_visa_consumo_-_Visa_status_delta1	0.0717772385167851	0.0679367496850878	0.0417754569190601	4
ccomisiones_mantenimiento_-_ctrx_quarter	0.0543810243819661	0.00398136261778166	0.00130548302872063	5
mprestamos_personales_delta2/mprestamos_personales_lag1	0.0465639547111601	0.0752952348559982	0.0339425587467363	6
mcaja_ahorro_lag2_-_mcomisiones_delta2	0.042519975379894	0.0332091242507197	0.0326370757180157	7
ctrx_quarter_-_cpayroll_trx	0.0423595513126429	0.00398136261778166	0.00130548302872063	8
mcaja_ahorro_-_kmes_delta1	0.0387427003644891	0.0116370767121515	0.00783289817232376	9
kmes/ctrx_quarter	0.0334780840918613	0.0100531099175133	0.00913838120104439	10
mtarjeta_master_consumo_lag2/cpayroll_trx	0.0258777291999903	0.0114722839672461	0.00391644908616188	11
mrentabilidad_annual_lag1_-_mpasivos_margen_delta2	0.023037712245979	0.0225465069205428	0.0248041775456919	12
mactivos_margen_-_mtarjeta_master_consumo	0.015266905270112	0.00966558359958523	0.010443864229765	13
mcuentas_saldo_-_mpayroll_sobre_edad_delta2	0.0135114714427073	0.011172797608925	0.0143603133159269	14
mcomisiones_lag2_-_mprestamos_personales_lag2	0.0124635537434682	0.0122879704306132	0.0169712793733682	15
ccomisiones_mantenimiento_-_cproductos	0.0122787904792685	0.0053839821451952	0.010443864229765	16
Master_mpagominimo_lag1_-_Master_fechaalta_lag1	0.01182807695021	0.0156101620687735	0.0182767624020888	17
mrentabilidad_annual_delta1_-_Visa_mpagominimo_delta1	0.0106993534518077	0.00606497499514652	0.0117493472584856	18
cliente_edad/cproductos	0.0105861509838273	0.0235435406511345	0.0130548302872063	19
cliente_antiguedad/ctrx_quarter	0.00968015435027025	0.00307989362966932	0.00522193211488251	20
mcuenta_corriente_-_mrentabilidad_delta1	0.00890237007972888	0.00366155934570508	0.010443864229765	21
Visa_mpagominimo_-_mcuentas_saldo_lag1	0.00822311348433644	0.0026803276591454	0.00783289817232376	22
Master_mpagominimo_lag2_-_mrentabilidad_annual_lag2	0.00708195149943614	0.00969493025278756	0.0182767624020888	23
mcomisiones/ccomisiones_mantenimiento_delta2	0.00689554376781695	0.0139223532704964	0.010443864229765	24
Visa_mpagominimo/ctrx_quarter	0.00682721110391574	0.0511813156631365	0.0496083550913838	25
mcuenta_corriente_lag1/Visa_status_lag1	0.00678977105249723	0.00337637007484149	0.00783289817232376	26
mcuentas_saldo/cliente_edad	0.00628056251649	0.00437641371858215	0.00652741514360313	27
mpasivos_margen_lag1/kmes	0.00611572454330719	0.000810419115356426	0.00130548302872063	28
mrentabilidad_annual_delta2_-_mcuentas_saldo_lag2	0.00603911647510347	0.00127018334885947	0.00261096605744125	29
ccallcenter_transacciones_delta1_-_Visa_mpagominimo_delta2	0.0056868120274123	0.0127831011436165	0.0156657963446475	30
mpasivos_margen/cliente_antiguedad	0.00532715936754708	0.000471803886098867	0.00130548302872063	31
mcomisiones_delta1/ctrx_quarter	0.00495544697186675	0.00372852991326935	0.00522193211488251	32
Master_mpagominimo/ctrx_quarter	0.00472982593174594	0.0135656785623451	0.00783289817232376	33
mrentabilidad_annual_delta1/ccallcenter_transacciones_delta1	0.0046907254129872	0.00426579941035801	0.00783289817232376	34
Visa_fechaalta_lag1_-_cdescubierto_preacordado_lag1	0.00424920827028447	0.00417851192903829	0.00913838120104439	35
mcuenta_corriente_lag2_-_mcuentas_saldo_lag2	0.00419225623862269	0.00719820729572848	0.0117493472584856	36
Visa_mpagominimo_lag1_-_kmes_delta1	0.00387099993588426	0.000433427493449677	0.00130548302872063	37
mtarjeta_visa_consumo_delta2/ccomisiones_mantenimiento	0.00385140836682231	0.00898308579305944	0.00652741514360313	38
mtarjeta_master_consumo_lag2_-_ccallcenter_transacciones_delta2	0.00374094882866673	0.0147952280836936	0.00522193211488251	39
mtarjeta_visa_consumo_lag1/cpayroll_trx	0.00359021564768523	0.0138892442258579	0.00522193211488251	40
mcuenta_corriente_delta1_-_mrentabilidad_annual_lag1	0.00357918955397335	0.00513491183211909	0.00913838120104439	41
canarito29	0.00345617806745202	0.00531776405591817	0.00652741514360313	42
cpayroll_trx_+_ccomisiones_mantenimiento	0.00344484740659499	0.00315363650181874	0.00130548302872063	43
canarito5	0.00337355969515665	0.00315438898010598	0.00522193211488251	44
cproductos_+_cpayroll_trx	0.00331698482275568	0.00681895823896002	0.00652741514360313	45
cliente_antiguedad_-_ctrx_quarter	0.00290069768725032	0.00254488156744237	0.00522193211488251	46
canarito39	0.00263759624802464	0.00595210325206066	0.00522193211488251	47
cpayroll_trx_delta1_-_mcomisiones_lag2	0.00262781657958872	0.00666846258151221	0.0117493472584856	48
mactivos_margen_lag1/cliente_edad	0.00249223655254255	0.00499570334897987	0.0143603133159269	49
mcomisiones_-_cpayroll_trx_delta1	0.00246081703617158	0.0055209331934727	0.00652741514360313	50
mpayroll_sobre_edad_delta2_-_mpayroll_sobre_edad_lag1	0.00231992437449098	0.0174416942199133	0.02088772845953	51
mpayroll_sobre_edad_lag1_-_ctarjeta_visa_transacciones_lag2	0.00225890247860913	0.0102231700104293	0.0117493472584856	52
cproductos_-_cliente_edad	0.00222308209240388	0.00335981555252223	0.00261096605744125	53
kmes/cliente_antiguedad	0.00212314471547241	0.00435534432653946	0.00391644908616188	54
cproductos/ctrx_quarter	0.00208706926380777	0.00136650056962606	0.00261096605744125	55
mpayroll_sobre_edad_lag2/ctrx_quarter	0.00186669466702532	0.00651269957605373	0.00391644908616188	56
mcaja_ahorro_lag1/ctrx_quarter	0.0018084457965043	0.00266753552826233	0.00522193211488251	57
kmes/cproductos	0.00180777638653069	0.00239664334485628	0.00391644908616188	58
cpayroll_trx/cpayroll_trx	0.00177468382035313	0.000555328975982398	0.00130548302872063	59
canarito17	0.00176657774367521	0.00301969536669019	0.00652741514360313	60
mtarjeta_master_consumo_-_mcuentas_saldo	0.00176364636959498	0.0014116492668604	0.00261096605744125	61
cliente_edad_lag1_-_ctarjeta_visa_transacciones_delta1	0.0017356887919855	0.00425827462748562	0.00522193211488251	62
canarito38	0.00169985000066123	0.00265399091909203	0.00522193211488251	63
mpasivos_margen_delta1/ctarjeta_visa_transacciones_delta2	0.00169703115557469	0.00199331498289617	0.00391644908616188	64
ctrx_quarter_delta1/cliente_edad	0.00168850224858789	0.00489712869335155	0.00391644908616188	65
canarito6	0.00159992616905057	0.00371122291266286	0.00783289817232376	66
mcaja_ahorro_lag1/cproductos	0.00159159935572332	0.00710339503153637	0.010443864229765	67
mactivos_margen_lag1_-_mpayroll_sobre_edad_lag2	0.0015786825318163	0.00467289016375433	0.00261096605744125	68
mtarjeta_master_consumo_delta2/ccomisiones_mantenimiento	0.00151605616656168	0.00214456311863121	0.00391644908616188	69
mcuenta_corriente_lag1_-_mpayroll_sobre_edad	0.00145667637792866	0.00555103232496226	0.00652741514360313	70
mactivos_margen_lag2/cliente_edad	0.00143608386559463	0.00183529454257597	0.00391644908616188	71
cproductos_-_cpayroll_trx	0.00136636459238326	0.00178262106246924	0.00130548302872063	72
canarito19	0.00132065706748475	0.00616279717248759	0.00391644908616188	73
canarito24	0.00128658286556985	0.00306785397707349	0.00391644908616188	74
Visa_mpagominimo_delta1/ccomisiones_mantenimiento	0.00121279515835169	0.00240341564944144	0.00522193211488251	75
Master_mpagominimo_lag2_-_ccomisiones_mantenimiento_lag2	0.00118429661654138	0.0019669782428428	0.00261096605744125	76
canarito7	0.00117517207002853	0.00278717957593334	0.00261096605744125	77
canarito36	0.00117232411313993	0.00162083823071285	0.00261096605744125	78
mprestamos_personales_lag1/ctarjeta_visa_transacciones_delta2	0.00116285834510313	0.000568121106865461	0.00130548302872063	79
Master_mpagominimo_lag2_-_mprestamos_personales_lag2	0.00115199526375618	0.0036465097799603	0.00391644908616188	80
kmes_lag2_-_mpasivos_margen_lag1	0.00114454095813009	0.00241169291060106	0.00391644908616188	81
canarito32	0.00113910624525075	0.0401620236248083	0.0496083550913838	82
mpayroll_delta2/mpasivos_margen_delta2	0.00112132920705759	0.00421237345196404	0.00391644908616188	83
mcuentas_saldo_delta2/ccomisiones_mantenimiento_delta2	0.00109531403554396	0.00132210435067896	0.00391644908616188	84
canarito25	0.00106936559829277	0.00304452715016908	0.00652741514360313	85
Visa_mpagominimo_delta2_-_Master_fechaalta_lag1	0.00106720165189361	0.00402274892357981	0.00522193211488251	86
mpayroll/chomebanking_transacciones_lag2	0.00106386353811342	0.00445015659073157	0.00261096605744125	87
mcuenta_corriente_lag2_-_Visa_mpagominimo	0.000992153386697758	0.00885365952765433	0.010443864229765	88
mpasivos_margen_lag2_-_mcuentas_saldo_lag1	0.000986248424368322	0.00175327440926692	0.00261096605744125	89
canarito40	0.000969278903192682	0.00103766755810261	0.00261096605744125	90
Visa_status_delta2_-_mcomisiones_delta1	0.000966182449947453	0.000844280638282183	0.00261096605744125	91
canarito37	0.000964390070690198	0.00187291845693793	0.00522193211488251	92
cproductos_+_cproductos	0.000898391209977368	0.00164943240562794	0.00261096605744125	93
canarito20	0.000885993938002303	0.00157869944662747	0.00391644908616188	94
canarito33	0.000884096210189748	0.00231387073325999	0.00391644908616188	95
canarito12	0.000880643663521749	0.00385193635237655	0.00652741514360313	96
mrentabilidad_lag1_-_cliente_edad_delta2	0.000867736512122169	0.00138531252680704	0.00130548302872063	97
kmes_+_cliente_edad	0.000864068889358035	0.00165319479706413	0.00391644908616188	98
canarito21	0.00084885256196617	0.000852557899441812	0.00130548302872063	99
cliente_edad_-_cpayroll_trx	0.000837757666589043	0.00442306737239097	0.00522193211488251	100
mpayroll_lag2/kmes	0.000825163965595753	0.00641412492042542	0.00522193211488251	101
Master_mpagominimo_lag1/ccomisiones_mantenimiento	0.000825155572823994	0.000924795815016758	0.00261096605744125	102
mactivos_margen_-_mtarjeta_master_consumo_lag2	0.000822018926853275	0.000420635362566613	0.00130548302872063	103
mrentabilidad_lag1/mcuenta_corriente_delta2	0.000810899317696394	0.00243501973750547	0.00261096605744125	104
mcaja_ahorro_lag2/kmes_lag1	0.000789142943972845	0.000859330204026963	0.00130548302872063	105
Visa_fechaalta_delta2_-_ctrx_quarter_delta2	0.000772975646195087	0.00050792284388634	0.00130548302872063	106
cliente_edad_-_ccomisiones_mantenimiento	0.000762003652667864	0.000970696990538338	0.00130548302872063	107
cliente_edad_+_cliente_antiguedad	0.000745732779282556	0.00137252039592398	0.00261096605744125	108
canarito27	0.000745408436221187	0.000503407974162906	0.00130548302872063	109
cproductos_+_kmes	0.000734667847834283	0.00151398631392491	0.00261096605744125	110
internet_lag1_-_mactivos_margen_delta1	0.000712653084705661	0.000531249670790749	0.00130548302872063	111
cliente_antiguedad_-_cliente_edad	0.000707435370395567	0.000824716202813968	0.00130548302872063	112
mpayroll_sobre_edad_lag2/ccomisiones_mantenimiento	0.000684722785005409	0.00411229383976125	0.00391644908616188	113
mactivos_margen_delta2/cpayroll_trx_delta1	0.000670569191309175	0.000514695148471491	0.00130548302872063	114
Master_fechaalta_lag1/kmes	0.000661364613934889	0.00049212079985432	0.00130548302872063	115
canarito34	0.000617171621895103	0.00281577375084842	0.00130548302872063	116
Master_mpagominimo_delta1_-_Visa_mpagominimo_lag1	0.000584839508466437	0.000648636283600037	0.00130548302872063	117
canarito30	0.000582847814423136	0.000632834239568017	0.00130548302872063	118
Visa_mpagominimo_delta2_-_Master_status_lag1	0.000575180125670604	0.00314084437093568	0.00261096605744125	119
canarito8	0.000557856839365684	0.000475566277535062	0.00130548302872063	120
mactivos_margen_lag1_-_kmes_delta2	0.000555855961453038	0.000839013290271509	0.00261096605744125	121
canarito23	0.000547079586419312	0.00140261952741354	0.00130548302872063	122
mcuentas_saldo_delta2_-_Master_mpagominimo_lag2	0.000537142553710338	0.00393395648568561	0.00522193211488251	123
mcuenta_corriente_delta2_-_Master_status_lag1	0.000517019483370317	0.00233870251673888	0.00261096605744125	124
mrentabilidad_delta1_-_ctarjeta_visa_transacciones_lag1	0.000510551437550919	0.0020151368532261	0.00130548302872063	125
cliente_edad_-_cliente_antiguedad	0.000489902340615103	0.000579408281174047	0.00130548302872063	126
mcomisiones_delta1/cliente_antiguedad	0.000476048065930841	0.000772795200994475	0.00130548302872063	127
cpayroll_trx_-_cliente_edad	0.000460681644551133	0.00115806408406085	0.00261096605744125	128
ctrx_quarter/cproductos	0.00045836259801305	0.00595962803493305	0.00652741514360313	129
canarito31	0.000457580155693837	0.000834498420548075	0.00130548302872063	130
mcaja_ahorro_delta1/cliente_antiguedad	0.000447598069813302	0.00108582616848591	0.00130548302872063	131
kmes_-_ccomisiones_mantenimiento	0.000417772018029144	0.000846538073143899	0.00130548302872063	132
cpayroll_trx_delta2_-_Visa_status_delta1	0.000393493023329103	0.00151323383563767	0.00130548302872063	133
mtarjeta_master_consumo_delta2_-_Visa_mpagominimo_delta2	0.000381229401907111	0.000504160452450145	0.00130548302872063	134
cpayroll_trx_+_cliente_edad	0.000374173780913606	0.00156816475060612	0.00391644908616188	135
Master_status_delta2_-_mrentabilidad_lag1	0.000362330346236282	0.000951885033357363	0.00130548302872063	136
canarito28	0.000347439393543689	0.00112345008284786	0.00130548302872063	137
mrentabilidad_delta1/cpayroll_trx	0.000287272550055139	0.000668200719068251	0.00130548302872063	138
canarito26	0.000255029332453524	0.00299787349636026	0.00391644908616188	139
mrentabilidad_delta2/cliente_edad	0.000226106340243654	0.000978221773410728	0.00261096605744125	140
kmes_-_cliente_edad	0.000226053784924356	0.00115731160577362	0.00261096605744125	141
mcuentas_saldo_delta2/ctrx_quarter	0.000201619174883557	0.00125889617455088	0.00130548302872063	142
mactivos_margen_lag1_-_Master_fechaalta_lag1	0.000183082796538249	0.00220099899017414	0.00522193211488251	143
canarito4	0.000181216446767069	0.000883409509218612	0.00130548302872063	144
canarito3	0.000133450592692173	0.000513942670184252	0.00130548302872063	145
mrentabilidad_annual_lag1/cpayroll_trx	0.000118164104620236	0.00522897161802396	0.00652741514360313	146
cproductos/cliente_antiguedad	0.00011680784351632	0.00125889617455088	0.00130548302872063	147
mcomisiones_lag1/cpayroll_trx	0.00010838185614641	0.000680992849951315	0.00130548302872063	148
canarito14	6.79207595549003e-05	0.00118364834582698	0.00130548302872063	149
canarito35	4.86900252513863e-05	0.00106475677644322	0.00130548302872063	150
ctrx_quarter_lag2_-_mpasivos_margen_lag2	4.79001518283547e-05	0.00178036362760753	0.00261096605744125	151
mtarjeta_visa_consumo_delta2_-_mpayroll_delta2	3.32062221011605e-05	0.00235901943049433	0.00261096605744125	152
Visa_mpagominimo_lag2_-_mpayroll_sobre_edad_lag2	2.73010418833955e-05	0.00255842617661267	0.00391644908616188	153
mpayroll_lag1/kmes	1.83144234879372e-05	0.00250951508794214	0.00391644908616188	154
ctrx_quarter_+_ctrx_quarter	8.41712429329918e-06	0.000847290551431139	0.00261096605744125	155
cproductos_+_ctrx_quarter	2.54123431386561e-06	0.00192935432848085	0.00261096605744125	156
mpayroll/kmes	1.10304497549736e-06	0.00456980063840258	0.00652741514360313	157
ccomisiones_mantenimiento_+_ctrx_quarter	3.23255252310083e-08	0.00110539060395412	0.00130548302872063	158
cliente_edad/cpayroll_trx	1.45090854610362e-08	0.00142143148459451	0.00261096605744125	159
ctrx_quarter_-_kmes	8.96708291998894e-10	0.00239513838828181	0.00391644908616188	160
mtarjeta_master_consumo_lag2_-_mcuenta_corriente_lag2	2.90726695499986e-11	0.000456001842066847	0.00130548302872063	161
cproductos_-_kmes	2.1690462520905e-11	0.000535012062226944	0.00130548302872063	162
