Feature	Gain	Cover	Frequency
ctrx_quarter	0.0399411583385575	0.00220091726780847	0.000853043119084819
ctrx_quarter_+_cpayroll_trx	0.03328364474937	0.00200640939158119	0.000646516890253758
cproductos_-_ctrx_quarter	0.0297060322138371	0.00277405914892794	0.00148160120683153
ctrx_quarter_-_kmes	0.0142963731984381	0.003600045201987	0.00158935402187382
mcaja_ahorro/cliente_edad	0.013800267433758	0.00202792477395732	0.00199342707828242
mcuenta_corriente/cliente_antiguedad	0.0132561285127339	0.00877929150935759	0.00571987859849505
foto_mes	0.012468959813208	0.0139736249456559	0.00474112386186089
numero_de_cliente	0.0114959705903364	0.0108584259955136	0.0130560494226245
cpayroll_trx/ccomisiones_mantenimiento	0.0105753849741509	0.00637547249358244	0.000493867068943843
ctarjeta_visa_transacciones	0.00946143429832316	0.00465171706471043	0.00207424168956414
mrentabilidad_annual_lag1	0.00842849890193118	0.00175693723573315	0.00368155451394501
mtarjeta_visa_consumo	0.00840890816929084	0.00414118005660395	0.00176894204694431
Master_fechaalta	0.00803923238957436	0.00470671959946425	0.00811737873318607
mrentabilidad	0.00799261973435537	0.00229376247572487	0.00437296841046639
cproductos_-_ccomisiones_mantenimiento	0.00773181010684395	0.0050554471324324	0.00273871738232495
mrentabilidad_annual/mrentabilidad_delta1	0.00772746680844901	0.00289051751160745	0.00638435429125586
cpayroll_trx_-_ctrx_quarter	0.00747570831482022	0.00267513833033506	0.00120323976797227
mactivos_margen	0.00699272412408513	0.00287749546431667	0.00406766876784656
chomebanking_transacciones	0.00698394737298571	0.00274647580690194	0.00490275308442433
mpayroll_sobre_edad/ccomisiones_mantenimiento	0.00649146405956474	0.00295932597610568	0.000502846470197367
Visa_fechaalta_lag1/cliente_antiguedad	0.00629160301711511	0.00815096694658502	0.0100210117989332
mpasivos_margen/ccomisiones_mantenimiento	0.00628915362270483	0.00220644409121262	0.00263994396853618
kmes/cliente_antiguedad	0.00624305547334693	0.00197797122121845	0.00440888601548049
mcomisiones_lag2	0.00571138027141167	0.000983613894380898	0.0022807679183952
mcuentas_saldo/ccomisiones_mantenimiento	0.00534921035969075	0.00913152947244414	0.0037893073289873
mpayroll/cpayroll_trx_lag2	0.00518942784962387	0.00307499419640071	0.000583661081479087
ctrx_quarter_lag2/ctrx_quarter	0.00516961504583343	0.00155214846638521	0.00429215379918467
mcuentas_saldo/cliente_edad	0.00502879955659232	0.00678847977884338	0.00388808074277607
mcuenta_corriente_lag1/mprestamos_personales_delta2	0.0049594973405993	0.00831843122593626	0.00190363306574718
mrentabilidad_lag1/mactivos_margen_lag1	0.00480508587052604	0.00262232190254818	0.00596232243234021
mprestamos_personales/cliente_edad	0.00479317904283533	0.00668008281601966	0.00169710683691611
mcuentas_saldo/ctrx_quarter	0.00478319110915646	0.00469712590764276	0.00409460697160713
chomebanking_transacciones_lag1	0.00474343674172978	0.00139349260530608	0.00380726613149435
mtarjeta_visa_consumo/cproductos	0.00463405077697836	0.00519198387558105	0.00199342707828242
cdescubierto_preacordado_lag1/cliente_edad	0.00459777174826018	0.00267319218738454	0.00609701345114308
Master_fechaalta_lag1/kmes	0.0045285920807148	0.00313390501465666	0.00633945728498824
mcuentas_saldo_delta1/kmes	0.00441364167912287	0.00214344832029463	0.00336727547007166
Master_fechaalta_lag2/cliente_edad	0.0043976180556168	0.00586155234061844	0.00571089919724153
cliente_edad/ccomisiones_mantenimiento	0.00438198575963416	0.00498019302578891	0.00552233177091752
kmes_lag1/cliente_antiguedad	0.0043593523763881	0.00214058614079449	0.00445378302174811
ctrx_quarter_delta1/cliente_edad	0.00435359063012995	0.0032608751923509	0.00404970996533951
chomebanking_transacciones_delta2	0.00431930582104167	0.0009226679030466	0.00282851139486019
mrentabilidad_lag1/cliente_antiguedad	0.00422926895479636	0.00168850158489521	0.00452561823177631
kmes_lag2	0.00422686712462774	0.00103603803316703	0.00298116121617011
mrentabilidad_annual_delta2/mrentabilidad_annual_lag1	0.00422499607317459	0.00252563866146489	0.00643823069877701
mcuentas_saldo_lag2/ccallcenter_transacciones_delta1	0.00414433903424338	0.00162749090760866	0.00211015929457824
mrentabilidad_lag1/mcuenta_corriente_delta2	0.00410811973159532	0.0028039704896871	0.00555824937593161
mpayroll_sobre_edad/ctrx_quarter_lag2	0.00407649515877484	0.00368159679907867	0.000619578686493185
cliente_edad/cproductos	0.00404539006716266	0.00523666169769816	0.00633047788373471
cproductos_lag1/cproductos	0.00402431221814628	0.0026869598619959	0.00134691018802866
mcaja_ahorro/Master_fechaalta_lag2	0.00398404131436975	0.0011359945225438	0.00241545893719807
Visa_fechaalta_lag1	0.00395299982051138	0.00268085295166511	0.00395991595280427
mrentabilidad_annual_delta2/mcuentas_saldo_lag2	0.00393982340871506	0.00241921566350664	0.00502846470197367
mcuentas_saldo_delta2/cproductos	0.00384223531422181	0.00137277223414955	0.00320564624750822
mcaja_ahorro_delta1/ccomisiones_mantenimiento	0.00383678292230757	0.00103725037311083	0.00210117989332471
mcuentas_saldo/mcaja_ahorro_delta2	0.00383625992928941	0.00345144209432598	0.00587252841980497
internet_lag1/cliente_edad	0.00378039277639251	0.0049978585506843	0.00394195715029722
mcaja_ahorro/mcuentas_saldo_delta2	0.00377837261665914	0.00199830625885297	0.0042652155954241
mcuentas_saldo_lag2/mcomisiones_delta2	0.00376754542035262	0.00246267001691396	0.00527090853581883
mrentabilidad_annual_lag2/cliente_edad	0.00369807144798311	0.00193853991671241	0.00274769678357847
mcaja_ahorro_lag2	0.00366800237646712	0.000724889560717344	0.00140078659554981
mtarjeta_visa_consumo_lag1/mactivos_margen_lag1	0.00364473209196062	0.00191419435003833	0.00278361438859257
mrentabilidad_delta2/mcuenta_corriente_lag2	0.00363610298512605	0.00203737309627321	0.00405868936659304
ctrx_quarter_+_cliente_antiguedad	0.00357501365694923	0.00324916286170622	0.00318768744500117
mrentabilidad_lag1/kmes	0.00356954041500408	0.00317862387409831	0.00375338972397321
cproductos/cliente_edad	0.00355560886139013	0.00855961036448657	0.00626762207496004
mcuentas_saldo_delta1/cproductos_delta2	0.00353094674490755	0.00142856004245274	0.00175098324443726
mrentabilidad_annual	0.00350706225036645	0.00202134975990755	0.00368155451394501
kmes/cliente_edad	0.00349264882265072	0.00153032008746592	0.00479500026938204
mrentabilidad_delta2	0.00348241966683723	0.0010134424649431	0.00321462564876174
mrentabilidad_annual_delta1/cdescubierto_preacordado_lag2	0.00344201107619176	0.00151244937594781	0.00391501894653665
ctarjeta_visa_transacciones_delta2/cproductos	0.00343162052413164	0.00539299790661861	0.00217301510335291
cproductos_delta1/kmes	0.00337895000732679	0.00990391869300206	0.00139180719429628
mrentabilidad/mcuentas_saldo_lag1	0.00335545584641657	0.00168258803687329	0.0041933803853959
ctrx_quarter_delta2/kmes	0.00329794035216368	0.00270818102762147	0.00428317439793115
mactivos_margen/mtarjeta_visa_consumo_delta2	0.00328889754120325	0.00349427601902999	0.00299014061742363
mrentabilidad_annual_lag2	0.0032821345517615	0.00157159320274143	0.00252321175224036
ccomisiones_mantenimiento_lag2/cliente_edad	0.00325695019174368	0.00125275753519198	0.00257708815976151
ccomisiones_mantenimiento_+_ctrx_quarter	0.00324811448918554	0.000777093210827525	0.000736310902789002
mrentabilidad_annual_delta2/ccallcenter_transacciones_delta2	0.0032373101355973	0.00876257749395338	0.00241545893719807
Visa_mpagominimo/ctrx_quarter	0.00323612925764868	0.00225449740716063	0.00378032792773378
kmes_-_cliente_edad	0.00322529816986683	0.0040945407894831	0.00589946662356554
mcaja_ahorro_lag1	0.00322389509345677	0.000770284492692202	0.00140976599680333
mcuentas_saldo/cliente_antiguedad	0.00319936803070498	0.00227022930896723	0.00331339906255051
cliente_edad_-_cpayroll_trx	0.00317054128767814	0.00465765495690793	0.00474112386186089
mcuenta_corriente_lag1/cproductos	0.00315666264496551	0.00815282266831196	0.00257708815976151
mcaja_ahorro/kmes	0.00310768719845256	0.00160570008827455	0.00196648887452185
cliente_edad/kmes	0.00310731795700231	0.00179456220241128	0.00479500026938204
mrentabilidad_annual/cliente_edad	0.00309170153354777	0.00305350524484378	0.00374441032271968
mprestamos_personales	0.00306422614233647	0.00802875431634666	0.00210117989332471
mcomisiones/cproductos	0.00304938388852749	0.00685182471479395	0.00428317439793115
cproductos_lag2/cproductos	0.00302080387096778	0.0205277461283981	0.00274769678357847
cproductos_+_cpayroll_trx	0.00302013197141883	0.00827451711538444	0.0022807679183952
cproductos/cliente_antiguedad	0.00297119682373444	0.002544230656128	0.00391501894653665
kmes/cproductos	0.00296937753990978	0.00209190544066443	0.00398685415656484
mcuenta_corriente_lag1/cdescubierto_preacordado_lag1	0.00293018526742752	0.00242303630797669	0.00428317439793115
cliente_edad/cliente_antiguedad	0.00291868081152673	0.00153455110518144	0.00422031858915648
mrentabilidad_annual_delta2/Visa_mpagominimo_lag2	0.0028698618380303	0.00114865140720092	0.00266688217229675
Visa_mpagominimo_lag2/Visa_mpagominimo_lag1	0.00286928755655483	0.00169881516876594	0.00253219115349389
Visa_mpagominimo/cpayroll_trx	0.00284213718255642	0.00818976460697814	0.00106854874916941
mpasivos_margen/mpasivos_margen_delta1	0.00283987834513365	0.00180622654025267	0.00606109584612898
mrentabilidad_annual_lag2/cliente_edad_lag2	0.00280875765148761	0.00167236765641764	0.00193955067076127
mcuentas_saldo_delta1/ctarjeta_visa_transacciones_lag2	0.00280551871099813	0.00157782044285437	0.00229872672090225
cliente_antiguedad/ctrx_quarter	0.00279432080685307	0.00251404526950661	0.0038970601440296
mrentabilidad_annual_lag1/Master_fechaalta_delta1	0.00278847440043917	0.00214586534915562	0.00454357703428335
mrentabilidad_annual/kmes	0.00277495557049632	0.00308223206757408	0.00545049656088932
cproductos_lag1/cliente_edad	0.00276312809976157	0.00277905944259173	0.00460643284305803
mcuentas_saldo_lag1/Master_fechaalta_delta1	0.00275501002849978	0.0015099614012037	0.00273871738232495
Visa_mpagominimo	0.00273014304476236	0.00244751194210315	0.00282851139486019
cproductos/ctrx_quarter	0.00272842402865539	0.00309036510886087	0.00286442899987429
mcuentas_saldo_lag2/ccomisiones_mantenimiento_lag2	0.00272172558940799	0.00514008209324804	0.00299014061742363
Visa_mpagominimo/cliente_antiguedad	0.00269343502586383	0.00355071694678655	0.00281055259235314
mrentabilidad/Visa_fechaalta_lag1	0.002689304743085	0.00394435113712225	0.00336727547007166
ctarjeta_visa_transacciones_lag1	0.00267973677060647	0.00182806117910281	0.00168812743566259
mactivos_margen_lag1/ctrx_quarter_delta1	0.00267520522188289	0.00220637175423376	0.00663577752635454
Visa_mpagominimo_delta2/cdescubierto_preacordado_lag1	0.0026480726792447	0.00233994129015335	0.00160731282438087
Visa_fechaalta_lag1/cliente_edad	0.00263688320055238	0.00264605956038068	0.00535172314710055
mpasivos_margen/ctrx_quarter	0.00261865866331708	0.00196418685345813	0.00469622685559327
mcomisiones/Master_fechaalta_delta1	0.00261446159475931	0.00996837441890688	0.00371747211895911
mrentabilidad_annual_delta2/ctrx_quarter	0.00260343529771477	0.000940482970734825	0.00287340840112781
ctrx_quarter/cliente_antiguedad	0.00260151568293831	0.00156311586525718	0.00279259378984609
mrentabilidad_annual_lag2/kmes	0.00256953376349597	0.00156783446203214	0.00343013127884633
mcaja_ahorro_delta1/ctrx_quarter	0.00255394878942273	0.00428193668870214	0.00400481295907189
Master_fechaalta_lag2	0.00254817355258524	0.00215131705338942	0.00370849271770558
mcuenta_corriente_delta2/kmes	0.00254790290477835	0.00197792670615454	0.00295422301240953
mrentabilidad/chomebanking_transacciones_lag1	0.00253943718215802	0.00187531183280461	0.00373543092146616
mcuentas_saldo/cproductos	0.00251061492152172	0.00288983726578701	0.00259504696226856
mcomisiones_lag1/cproductos	0.00250875833164579	0.00117532288596454	0.00311585223497297
ccomisiones_mantenimiento/cliente_edad	0.00250071041576341	0.00288973571579745	0.0031248316362265
cliente_edad_+_ccomisiones_mantenimiento	0.00240860608626754	0.00260925951348072	0.00516315572077654
mprestamos_personales_delta2/ccomisiones_mantenimiento	0.00239447582549687	0.00610125065774572	0.00165220983064849
cliente_antiguedad/ccomisiones_mantenimiento	0.00239441093652413	0.00276466438379833	0.00403175116283246
mcomisiones/ccomisiones_mantenimiento_delta2	0.002369534546688	0.00406569085477916	0.00246035594346569
mcuentas_saldo/chomebanking_transacciones_delta2	0.00235976336015084	0.00648534888673344	0.00471418565810032
mrentabilidad_delta1/mtarjeta_visa_consumo_delta1	0.00235579707681293	0.00130877000545836	0.00267586157355028
cdescubierto_preacordado_lag1/cliente_antiguedad	0.00233446895351782	0.00140287971940909	0.0033852342725787
mactivos_margen/ctrx_quarter	0.00232621568493381	0.00173827707737842	0.00440888601548049
mactivos_margen/mrentabilidad_annual_delta2	0.00232565031762605	0.00228778215510708	0.00483989727564966
Visa_mpagominimo_lag1/cproductos	0.00230899877895334	0.00394424610939333	0.00155343641685972
mcuentas_saldo/Master_fechaalta_lag1	0.00229723337487236	0.00216054697367298	0.00311585223497297
mprestamos_personales_delta2/mprestamos_personales_lag1	0.00229402424400575	0.0163960881221847	0.00258606756101503
mprestamos_personales/cliente_antiguedad	0.00226833632383503	0.00522292532274112	0.00149058060808505
mrentabilidad_delta1/mcomisiones_delta2	0.00225719221059289	0.00141373026623829	0.00511825871450892
mactivos_margen_lag1/cliente_edad	0.00221030204313209	0.00199774842945829	0.00343911068009985
mactivos_margen/ccomisiones_mantenimiento	0.00220800848056611	0.00318805132997799	0.00358278110015624
mcomisiones/mrentabilidad_annual_lag2	0.00220427087520915	0.00129712931624467	0.00343911068009985
cliente_antiguedad/cliente_edad	0.00220027156491391	0.00229907367928819	0.00458847404055098
cliente_antiguedad_+_cproductos	0.00219928127465286	0.000838248562071797	0.00118528096546522
ctrx_quarter/ccomisiones_mantenimiento	0.0021972195753376	0.00218556374404515	0.00225382971463463
kmes_lag1/ctrx_quarter	0.00219721957496384	0.000811268955600139	0.00218199450460643
mcaja_ahorro_delta2/ccomisiones_mantenimiento_delta2	0.00219574968792448	0.00246383714624598	0.00175996264569079
cliente_antiguedad/cproductos	0.00218569603737965	0.00273375075855321	0.00439092721297344
ctrx_quarter_lag2/cliente_antiguedad	0.00217894638989317	0.00144336477894373	0.00284647019736724
Visa_mpagominimo/mrentabilidad_lag2	0.00216931490284302	0.00670504881139705	0.00296320241366306
mcaja_ahorro_lag2/mtarjeta_visa_consumo_lag2	0.00215655646401866	0.00123889943935704	0.00250525294973331
mrentabilidad_annual_lag1/cliente_edad	0.00215574227921582	0.00211944844091376	0.00330441966129699
mrentabilidad_annual_delta1/cproductos	0.00214854943802781	0.000999123916415792	0.00297218181491658
cliente_antiguedad_+_cliente_edad	0.0021328923725334	0.00835855112283723	0.00439990661422696
mrentabilidad_annual_lag1/ccomisiones_mantenimiento	0.0020592174032942	0.00145259609032304	0.00281055259235314
chomebanking_transacciones_delta2/ctrx_quarter	0.00205786426958038	0.00117519073186854	0.00281055259235314
ctrx_quarter_delta2/cproductos	0.00205699577937925	0.00320181900458935	0.00413052457662123
mrentabilidad_annual_delta2/mcaja_ahorro_lag2	0.0020381163087126	0.00183054984939479	0.00356482229764919
mcomisiones_delta2/ctrx_quarter	0.00203670387354032	0.00223500120026176	0.00274769678357847
mrentabilidad_annual/ctrx_quarter	0.0020311762680128	0.00119334800911061	0.00402277176157894
ccomisiones_mantenimiento_+_cproductos	0.00203049107140263	0.00301582254769213	0.00251423235098684
mpasivos_margen_delta1/ctarjeta_visa_transacciones_delta2	0.00197989230067114	0.00116685459060265	0.00253219115349389
mrentabilidad_annual_delta2/Master_fechaalta_delta2	0.00197948887214569	0.00153933717010014	0.00402277176157894
mactivos_margen_lag2/cliente_antiguedad	0.00197140020061932	0.00145179760136407	0.00220893270836701
Visa_fechaalta_lag2/ccomisiones_mantenimiento	0.00197042608175993	0.00202282084366036	0.00271177917856437
mrentabilidad_lag1/mcaja_ahorro_lag1	0.00196950015179095	0.00165321783235984	0.00412154517536771
mrentabilidad_annual/Visa_mpagominimo_delta2	0.00193898611103768	0.00108222658526574	0.00255912935725446
cliente_antiguedad/kmes	0.00193621812080208	0.00252122262801498	0.00422929799041
ctrx_quarter_delta1/ccomisiones_mantenimiento	0.00192708249780438	0.00890301695622117	0.00423827739166352
ccomisiones_mantenimiento/ctrx_quarter	0.00189196657113808	0.000823915407039147	0.00229872672090225
mcuentas_saldo_lag2/ccallcenter_transacciones_delta2	0.00188087241197867	0.000472957252040144	0.00131099258301456
kmes/ctrx_quarter	0.00188017660520529	0.00137314504780984	0.00253219115349389
mactivos_margen/cliente_antiguedad	0.00187690944429014	0.00562323816375976	0.00420235978664943
mcuenta_corriente_lag2/ccomisiones_mantenimiento	0.00187586706248546	0.00153527864825729	0.00259504696226856
mrentabilidad_annual_delta1/Visa_fechaalta_delta1	0.00186933560919804	0.00137403395799238	0.00293626420990248
Master_fechaalta_lag2/cproductos	0.00186114898943352	0.00278216854158702	0.00423827739166352
mpasivos_margen_lag1/cliente_antiguedad	0.0018572819280992	0.00102490509390112	0.00212811809708529
mpasivos_margen_delta1/cliente_edad	0.00185726115269759	0.00081047046664117	0.00185873605947955
Visa_mpagominimo_delta2/ctrx_quarter	0.00185513851135709	0.00158918847730158	0.00157139521936677
kmes_-_cliente_antiguedad	0.00185494511334548	0.00175440126818576	0.00203832408455004
chomebanking_transacciones_delta2/cliente_edad	0.00185441203083948	0.00261901805014826	0.00278361438859257
mtarjeta_master_consumo_lag2/mrentabilidad_lag1	0.00184472795386525	0.00200311388575576	0.00118528096546522
mprestamos_personales_delta1/cliente_edad	0.00183411160896874	0.00286405469720593	0.0011044663541835
mactivos_margen_lag1/mtarjeta_visa_consumo_lag2	0.00182764299226153	0.00260567605083559	0.0030889140312124
cpayroll_trx/cproductos	0.00182408055967912	0.000374156763229409	0.000206526228831062
mcuenta_corriente_delta1/ctrx_quarter	0.00182069515984956	0.00375334395334314	0.00404073056408599
mcuenta_corriente_delta2/cliente_antiguedad	0.00181811001887118	0.00136101121515372	0.00276565558608552
mcuenta_corriente_lag2/kmes	0.00181225664548314	0.00137143817332786	0.00237056193093045
mcuenta_corriente_lag2/Master_fechaalta_lag2	0.00181092279865286	0.00269186764779249	0.00287340840112781
mrentabilidad_annual_delta1/kmes	0.00180198775733185	0.00156946552179589	0.00269382037605732
mtarjeta_visa_consumo_lag1/Visa_mpagominimo_delta2	0.00179294582662508	0.000995539758222788	0.00247831474597274
cliente_edad_-_ccomisiones_mantenimiento	0.00178657936648859	0.0066367508790381	0.00471418565810032
kmes_-_cproductos	0.00176304489026113	0.00246859678034548	0.00280157319109962
mcuentas_saldo_delta2/ccomisiones_mantenimiento_delta2	0.00176008304120019	0.00144744555831854	0.00183179785571898
mrentabilidad_annual_delta1/ccomisiones_mantenimiento_lag1	0.00175276661269103	0.00176252387625444	0.00316074924124059
mcuenta_corriente_lag1/cliente_edad	0.00172084941613519	0.00384908542260549	0.00232566492466282
Visa_fechaalta_lag2/ctrx_quarter	0.00171562601531291	0.00282115817319328	0.00325952265502936
mtarjeta_visa_consumo/Master_fechaalta_lag2	0.00171342120557984	0.00238899619503944	0.00246933534471921
mtarjeta_visa_consumo/ccomisiones_mantenimiento_lag2	0.00171315744354665	0.00446378142034144	0.00151751881184563
mcomisiones_lag1/cliente_edad_lag1	0.00170360735577969	0.000970554287504932	0.00340319307508575
mrentabilidad_annual_lag1/ctrx_quarter	0.00168328913942877	0.00120981788721117	0.00395991595280427
mcuenta_corriente_lag1/ccomisiones_mantenimiento	0.0016770553623565	0.00181872344889884	0.00255912935725446
mrentabilidad_lag2/cliente_antiguedad	0.0016708134542113	0.00101646114271481	0.00293626420990248
mpasivos_margen_lag1/ctrx_quarter	0.00166117093672358	0.00128512694213668	0.00383420433525493
mactivos_margen_lag1/ctrx_quarter_lag2	0.00164456239061802	0.00256472566977346	0.00434603020670582
mrentabilidad_annual/cproductos	0.0016408178275178	0.00228163142526025	0.00351094589012805
mrentabilidad_delta1/Visa_mpagominimo_lag2	0.00163642822772083	0.00202307124089488	0.00238852073343749
mcuenta_corriente_lag2/cproductos	0.00160476997027345	0.000979186732165009	0.00211015929457824
mpasivos_margen_lag2/ccomisiones_mantenimiento	0.00159802280861352	0.000999917536539646	0.00190363306574718
Visa_mpagominimo/cproductos	0.00159763648553803	0.00560380246952589	0.00258606756101503
mrentabilidad_annual/cliente_antiguedad_lag1	0.00159403635044599	0.00225279401041802	0.00398685415656484
cproductos/kmes	0.00158885388848584	0.000881778730197355	0.00265790277104323
cliente_edad/cpayroll_trx	0.00158554491326155	0.00182337388198217	0.000529784673957941
mprestamos_personales_delta1/cliente_antiguedad	0.00158040314306806	0.00198434730857636	0.00101467234164826
ctrx_quarter_lag2/ccomisiones_mantenimiento	0.00157473836378495	0.00124499243873037	0.00188567426324013
mpasivos_margen/cliente_edad	0.00154753849348404	0.00115104200524271	0.00168812743566259
mactivos_margen_lag2/ccomisiones_mantenimiento_lag1	0.00154637050848066	0.00182262895020948	0.00257708815976151
ctrx_quarter_-_cliente_edad	0.00153697910780217	0.00433059443575236	0.00234362372716987
mpasivos_margen_lag1/kmes	0.00153150994354922	0.00120929692185379	0.00211913869583176
mtarjeta_visa_consumo_delta2/cproductos	0.00152968405266771	0.000456839321163666	0.00109548695292998
mcuentas_saldo_delta1/cliente_edad	0.00150958071600512	0.00254225043133167	0.00254117055474741
mcaja_ahorro_delta2/ccomisiones_mantenimiento	0.00150401081439839	0.00169752492746029	0.00237954133218397
mtarjeta_visa_consumo/kmes	0.00150346855218486	0.00164500132532822	0.00145466300307096
mcuenta_corriente_delta2/cpayroll_trx	0.00150003887511427	0.00477559205436686	0.000871001921591868
ctrx_quarter/cproductos	0.00149725155207543	0.00173003692171909	0.00135588958928219
mtarjeta_visa_consumo_lag1/kmes	0.00148248238587485	0.000330164055767863	0.000906919526605966
mcuentas_saldo_lag1/ccomisiones_mantenimiento	0.00146961515622573	0.00282866243920227	0.00240647953594454
chomebanking_transacciones_lag2/cproductos	0.00146372059250804	0.00272760141980212	0.00323258445126879
cliente_antiguedad_-_cproductos	0.00145713909499343	0.00230188786598504	0.00153547761435268
ctrx_quarter_lag1/cliente_edad	0.00145144806030546	0.00175903779031162	0.00203832408455004
mrentabilidad_annual_delta1/ctrx_quarter	0.0014431148777316	0.00232966665696354	0.00256810875850798
mcaja_ahorro_delta2/cliente_antiguedad	0.00144298671246902	0.00102406069878249	0.00196648887452185
mprestamos_personales_delta1/kmes	0.00143362668292668	0.00957794113988579	0.00195750947326832
cproductos_-_cpayroll_trx	0.00142864921939195	0.00172984425495808	0.00172404504067669
mrentabilidad_lag2/cliente_edad	0.00142562057096651	0.00115423248333922	0.0023166855234093
mpasivos_margen_lag1/cpayroll_trx	0.00141322565018778	0.00138211205099715	0.000906919526605966
mactivos_margen_lag2/ctrx_quarter	0.00140654425282592	0.000893699725204129	0.0026848409748038
mrentabilidad_lag2/ctrx_quarter_lag2	0.00139669876249056	0.00140071726106986	0.00347502828511395
cliente_antiguedad_-_cliente_edad	0.00139601626762429	0.00127344521559845	0.00304401702494478
mactivos_margen_delta2/ccomisiones_mantenimiento	0.00138783943664006	0.00139874468730014	0.00292728480864896
mpayroll_sobre_edad/kmes_lag2	0.00137328783832092	0.000899990955721444	0.000161629222563439
ccomisiones_mantenimiento/cliente_antiguedad	0.00137089469589406	0.000807364845385248	0.00211015929457824
mcaja_ahorro_lag2/cliente_edad_lag2	0.00137074884671323	0.000660250905721749	0.00104161054540883
cliente_edad/ctrx_quarter	0.00136451699886822	0.00181614783512265	0.00223587091212758
mpayroll_sobre_edad_lag2/mactivos_margen_lag1	0.00135356967828843	0.00423078401142906	0.00101467234164826
mtarjeta_visa_consumo_lag1/mcuentas_saldo_delta1	0.00135143946979294	0.00127459773842512	0.00214607689959234
mrentabilidad_annual_delta1/mtarjeta_master_consumo_lag2	0.00135084620011625	0.000978539177094626	0.00126609557674694
cliente_antiguedad_delta2/cproductos	0.00134498549577763	0.00173066291480539	0.00159833342312735
mcomisiones_lag2/ccomisiones_mantenimiento	0.00134341961311748	0.00107687434437788	0.00260402636352208
mcuentas_saldo_delta2/kmes	0.00134290187637983	0.00165844209243895	0.00298116121617011
mrentabilidad_annual/ccomisiones_mantenimiento	0.00132930798199538	0.00288821246595412	0.00417542158288885
mcuenta_corriente_delta1/kmes_delta1	0.00132296337063247	0.00182793111165044	0.00363665750767739
mtarjeta_visa_consumo_lag1/Master_fechaalta_delta2	0.00130600132893662	0.000939854195457031	0.00148160120683153
mrentabilidad_delta2/ctrx_quarter	0.00129631378432514	0.00262770126980312	0.00316972864249412
mtarjeta_visa_consumo_lag2/mactivos_margen_lag1	0.00129442385896154	0.00218509077149105	0.00292728480864896
mcuenta_corriente_lag1/ctrx_quarter	0.00129429114604039	0.0025906730832006	0.00238852073343749
mrentabilidad_annual_delta1/cliente_antiguedad	0.0012802729186009	0.00556725560205195	0.00322360505001527
mpayroll_sobre_edad	0.00127866452962874	0.000870388438218189	0.000269382037605732
mtarjeta_visa_consumo_delta2/kmes	0.00127024889564292	0.000703539718735144	0.00103263114415531
Master_fechaalta_delta1/ctrx_quarter	0.00126061497125874	0.00391098570562246	0.00200240647953594
mpasivos_margen_lag2/kmes	0.00125980332460814	0.000868486810331584	0.0022448503133811
mtarjeta_visa_consumo_delta1/cliente_antiguedad	0.00125826219659649	0.00220599268064261	0.00149956000933858
mprestamos_personales_lag2	0.00125568076659589	0.00072231672913265	0.000700393297774904
Visa_mpagominimo_lag1/mcuentas_saldo_lag1	0.00125439991822989	0.00183391908329483	0.00244239714095864
Visa_fechaalta_delta1/cliente_antiguedad	0.00125070037429157	0.00125683901011466	0.00291830540739544
cliente_edad_-_cliente_antiguedad	0.00123426749819368	0.00234904322962815	0.00346604888386042
mactivos_margen_lag2/cproductos	0.00123129230202314	0.000622266340792936	0.00186771546073308
ctrx_quarter/cpayroll_trx	0.0012285749556567	0.00201986546074515	0.000457949463929745
mcuentas_saldo_lag2/ctrx_quarter	0.00122584680613044	0.000838827953450561	0.00242443833845159
mrentabilidad_delta2/cliente_antiguedad	0.00122182958175345	0.00128249916226997	0.00320564624750822
mcuentas_saldo_lag1/cproductos	0.00121380839604028	0.00120448094837652	0.00255014995600093
Visa_mpagominimo_delta2/mcuenta_corriente_lag1	0.00120848914857766	0.0021448964509676	0.00183179785571898
ctrx_quarter/kmes	0.00119758893973533	0.000469903101326874	0.0015085394105921
mpasivos_margen_lag2/cliente_antiguedad	0.00119117806610242	0.00226914008099707	0.00247831474597274
ccomisiones_mantenimiento_-_cpayroll_trx	0.00118383184988285	0.000601194717960203	0.000125711617549342
mtarjeta_visa_consumo_lag2/ccomisiones_mantenimiento	0.00117661364094052	0.00204352104392855	0.00103263114415531
mtarjeta_visa_consumo_delta2/Master_mpagominimo_lag2	0.00115366059804967	0.00404677473480691	0.00158935402187382
cproductos_+_ccomisiones_mantenimiento	0.00114450839384108	0.00128015238374422	0.00133793078677514
mcaja_ahorro_lag2/ctrx_quarter	0.00114435908866155	0.0016057174769714	0.00285544959862076
Visa_mpagominimo_lag2/cliente_edad_lag1	0.00112316692175882	0.00117803274048034	0.00155343641685972
Master_mpagominimo/ctrx_quarter	0.00112279329300823	0.0060176715386023	0.00205628288705709
mrentabilidad_annual_lag2/cproductos	0.0011180095908879	0.000967813133334811	0.00246933534471921
mcomisiones_lag2/cliente_antiguedad	0.0010980869724276	0.000981826336345575	0.00213709749833881
mcaja_ahorro_lag1/cliente_antiguedad	0.00108130416470113	0.00169457997776318	0.00180485965195841
ccallcenter_transacciones_lag1/ccomisiones_mantenimiento	0.00108080585316243	0.00467182396264239	0.000951816532873588
mpayroll_lag2/Master_mpagominimo_lag1	0.00107643929555586	0.000540096401641571	0.00030529964261983
mpasivos_margen_lag1/cproductos	0.00106755009776972	0.0008691044568434	0.00225382971463463
mcuentas_saldo_lag1/Visa_mpagominimo_lag1	0.00106646850609315	0.0034631822468856	0.00299912001867715
mprestamos_personales/kmes	0.00104964977761627	0.00423387015734452	0.00137384839178924
mpayroll/cpayroll_trx	0.00104405477727184	0.00392654650265213	0.000700393297774904
mpasivos_margen_lag1/ccomisiones_mantenimiento	0.00104079196942802	0.00117517821200682	0.00192159186825422
mtarjeta_visa_consumo_lag2/cliente_antiguedad	0.00102061585075817	0.00065205456957846	0.00122119857047932
mcaja_ahorro_lag1/ccomisiones_mantenimiento	0.00101515550367918	0.000496847930404849	0.00146364240432448
mcomisiones/mcomisiones_lag1	0.00101496384578353	0.000864330216238552	0.00288238780238134
ctrx_quarter/cliente_edad	0.00100911895595408	0.000765077621309933	0.00107752815042293
mcaja_ahorro_delta1/kmes	0.0010089635801603	0.000905551165423536	0.00173302444193021
mtarjeta_visa_consumo/mpayroll_lag2	0.000995184855365527	0.00117589253967307	0.000475908266436794
mcomisiones_delta2/cliente_edad	0.000991828863911212	0.000761073352201233	0.00219097390585996
cpayroll_trx_+_kmes	0.000991221901262552	0.000422839550003089	0.00119426036671875
mpayroll_sobre_edad_lag2/ctarjeta_visa_transacciones_lag2	0.000981542784772243	0.000249333046273307	0.000278361438859257
mcomisiones_delta1/ctrx_quarter	0.000980714260740421	0.00173131186097152	0.00240647953594454
mpasivos_margen/cliente_antiguedad	0.000973407971837027	0.00184070415280245	0.00272973798107142
mcuentas_saldo_lag2/cliente_antiguedad	0.000958509755522157	0.00108940881260923	0.00206526228831062
cproductos_delta1/cliente_antiguedad	0.000958135112826643	0.00933042277801488	0.00161629222563439
mtarjeta_visa_consumo_lag1/ccomisiones_mantenimiento	0.000945247986951767	0.00133131827642689	0.00126609557674694
mrentabilidad_delta2/ccomisiones_mantenimiento	0.000941410573552203	0.00129427548331902	0.00249627354847979
kmes_-_ccomisiones_mantenimiento	0.000939664659972893	0.00313844207343659	0.00196648887452185
mcomisiones_lag2/cproductos	0.000939431998407754	0.00122145440313761	0.00212811809708529
mprestamos_personales_lag1/ctrx_quarter	0.000929097770430984	0.00144162869145106	0.00099671353914121
mcaja_ahorro_lag1/cliente_edad	0.000922871449256434	0.000880964939185165	0.0012122191692258
mtarjeta_master_consumo_lag1/ccallcenter_transacciones_delta2	0.000918728734024503	0.000630072474579097	0.000457949463929745
mcuenta_corriente_delta2/cliente_edad	0.000910981871710982	0.00112113414222291	0.00236158252967692
mcomisiones_delta2/kmes	0.000899528502935299	0.00112386694981855	0.00204730348580357
Visa_mpagominimo_lag1/ccomisiones_mantenimiento	0.000898825306853422	0.00305701011057918	0.00155343641685972
cliente_antiguedad_+_kmes	0.000894476133752655	0.000935508412342361	0.00177792144819783
Visa_mpagominimo_lag2/kmes	0.000893904066097082	0.00161017385219798	0.00152649821309915
mcaja_ahorro_lag2/kmes	0.00088668054088223	0.0037739314748558	0.00135588958928219
mpayroll_sobre_edad_lag2	0.000870231048909862	0.000285130113139438	0.000116732216295817
mtarjeta_visa_consumo_delta2	0.000865905266460764	0.00117508570413962	0.000862022520338344
Visa_mpagominimo_delta2/cliente_edad	0.000851961083798625	0.000483375863639798	0.000942837131620064
mpasivos_margen_delta1/cproductos	0.000843830055175379	0.000831277085734036	0.00223587091212758
cpayroll_trx_-_cliente_antiguedad	0.000829963755518884	0.000821734864455202	0.00106854874916941
ccomisiones_mantenimiento/cproductos	0.000822195026595857	0.000785111486715155	0.00128405437925399
ccomisiones_mantenimiento_delta1	0.000817309109233963	0.00117337813410977	0.000583661081479087
mcomisiones_lag2/cpayroll_trx_lag2	0.000812238218835134	0.000815246793889639	0.000879981322845393
Visa_fechaalta_delta1	0.000801760014059276	0.000112441573709087	0.000565702278972038
ccomisiones_mantenimiento_+_kmes	0.000801059779150667	0.00112145618088842	0.00185873605947955
mcomisiones_delta1/kmes	0.000783433545653551	0.000551819861052224	0.00225382971463463
Visa_mpagominimo_lag1/ctrx_quarter	0.000779237120128073	0.000856747353319837	0.00195750947326832
mtarjeta_visa_consumo_lag1/ctrx_quarter	0.000768530235354722	0.000669733309883447	0.00165220983064849
mcaja_ahorro_lag2/cliente_antiguedad	0.000761285383015161	0.000804721763465314	0.0015444570156062
mactivos_margen_lag2/mtarjeta_master_consumo_delta1	0.00075534967068062	0.00106731890768945	0.00122119857047932
mcaja_ahorro_delta2/kmes	0.000742352679226996	0.00110698113408954	0.00152649821309915
mcuentas_saldo_lag2/cproductos	0.000737779910960045	0.00100039607347673	0.00133793078677514
mtarjeta_visa_consumo_delta2/mpayroll_sobre_edad_lag1	0.000721561439733973	0.00165505825203357	0.000538764075211465
Master_mpagominimo/chomebanking_transacciones_lag2	0.000713659765622845	0.00141947827386627	0.000960795934127112
mcomisiones_delta1/cliente_antiguedad	0.000712196593499047	0.00072309435165541	0.00175098324443726
mpasivos_margen/cliente_antiguedad_delta2	0.000696029506811375	0.000693639985849246	0.00143670420056391
mcuentas_saldo_lag2/kmes	0.000686189821698198	0.000978236613769581	0.00156241581811325
Visa_mpagominimo_lag2/ccomisiones_mantenimiento	0.000673797836920771	0.00298052279755567	0.00124813677423989
ctarjeta_visa_transacciones_lag1/cliente_antiguedad	0.000672162695162881	0.000463693945458651	0.00132895138552161
mcaja_ahorro_lag1/kmes_delta2	0.000657080589074504	0.000979492077681549	0.00139180719429628
Visa_mpagominimo_lag2/ctrx_quarter	0.000654183007014672	0.000911863262377061	0.00137384839178924
mcaja_ahorro/cproductos	0.000652422566155502	0.000884170023787021	0.0018766948619866
ctarjeta_visa_transacciones_lag2/cliente_antiguedad	0.000647098529484326	0.000495262081252889	0.00105058994666236
mtarjeta_visa_consumo_lag1/cliente_antiguedad	0.000642098249733159	0.000767774955964012	0.00119426036671875
cproductos_-_cliente_antiguedad	0.000634927842801453	0.00253581035356939	0.00132895138552161
mrentabilidad_annual_lag2/ccomisiones_mantenimiento	0.000618500030361219	0.00114148378636278	0.00189465366449365
cproductos/ccomisiones_mantenimiento	0.000616732933761449	0.00297147511081502	0.001472621805578
Visa_mpagominimo_delta2/cliente_antiguedad	0.000604952691140994	0.000886787370435629	0.000969775335380637
mcomisiones_lag2/cpayroll_trx	0.00059534568191733	0.00084477071448317	0.000448970062676221
mrentabilidad/cpayroll_trx	0.000579272715304824	0.000508610340496426	0.000475908266436794
mprestamos_personales_lag2/cproductos	0.000577397958923508	0.000884334173085206	0.000879981322845393
mpayroll_sobre_edad_lag2/mrentabilidad_annual_lag2	0.000576192941083692	0.000518545546323882	0.000448970062676221
Master_mpagominimo_delta1/ccomisiones_mantenimiento	0.000566361714357143	0.00143777883397032	0.000592640482732611
mpayroll_sobre_edad/cproductos	0.000564483932021271	0.000735941120882034	0.000323258445126879
mtarjeta_master_consumo_delta2/ccomisiones_mantenimiento	0.000558898235210246	0.00400795273023821	0.000871001921591868
mpayroll_lag2/kmes	0.000536877246949307	0.000876094017425877	0.000323258445126879
Master_mpagominimo_lag1/ccomisiones_mantenimiento	0.000528723332043612	0.000871864390806109	0.0011403839591976
cliente_antiguedad_+_cpayroll_trx	0.000527096968328414	0.00121161726956034	0.00112242515669055
cpayroll_trx_-_cproductos	0.000513112934509181	0.000700293596808741	0.00122119857047932
Visa_mpagominimo_delta2/kmes	0.000490035168047462	0.000384648407355797	0.000879981322845393
Visa_mpagominimo_lag1/cliente_edad	0.00048272746115269	0.00152594161360119	0.00128405437925399
Visa_mpagominimo_lag2/ccallcenter_transacciones_lag2	0.000482522642094852	0.000319573643843413	0.000457949463929745
Visa_mpagominimo_lag1/kmes	0.000481014685257778	0.000558059621026888	0.00127507497800047
mrentabilidad_delta1/cpayroll_trx	0.000464895092067779	0.000532295136690525	0.000493867068943843
mpayroll_sobre_edad_lag2/cliente_edad	0.000464043618710615	0.00218670026927072	0.000457949463929745
cproductos/cpayroll_trx	0.00044183610609516	0.00454900690130182	0.000439990661422696
mtarjeta_visa_consumo_delta2/ccomisiones_mantenimiento	0.000437815101056824	0.000370917596781743	0.000745290304042526
mpayroll_sobre_edad_delta2/cpayroll_trx	0.000435272114130784	0.000634383480300083	0.000431011260169172
ccomisiones_mantenimiento_lag2/ccomisiones_mantenimiento	0.000423958503947532	0.000270071501674553	0.000287340840112781
mprestamos_personales_lag1/ccomisiones_mantenimiento	0.000407835365222801	0.00141829236474167	0.000978754736634161
mcomisiones_lag1/cpayroll_trx	0.000397049280496635	0.000836479088281189	0.000700393297774904
ccomisiones_mantenimiento_-_cliente_antiguedad	0.000388425358755296	0.000433041846214033	0.0012122191692258
mprestamos_personales/mtarjeta_master_consumo_delta2	0.000384488642238634	0.000507075961887118	0.00022448503133811
ctrx_quarter_lag1/cpayroll_trx	0.000382154371034869	0.000992390317450825	0.000763249106549575
mtarjeta_visa_consumo_delta1/ccomisiones_mantenimiento	0.000354986577362921	0.00164904176292635	0.00115834276170465
Master_mpagominimo_lag2/cliente_antiguedad	0.000349668186633486	0.00103116224257263	0.00106854874916941
mpayroll_lag1/kmes	0.000347376090386267	0.000588909951415501	0.000314279043873355
chomebanking_transacciones_lag1/cpayroll_trx	0.000345847284709088	0.00632496737137975	0.00114936336045113
Master_mpagominimo_delta2/ctrx_quarter	0.000311455590841805	0.000713076375630988	0.000628558087746709
kmes_-_cpayroll_trx	0.000311067345092799	0.000412580914414379	0.0011044663541835
cpayroll_trx/cliente_edad	0.000304478430681352	0.000241405191609254	0.000134691018802866
mpayroll_sobre_edad/cpayroll_trx	0.000302292851481757	0.00274510279539932	0.000538764075211465
mpayroll_sobre_edad_delta1/cpayroll_trx	0.000301951973779152	0.00102045289196178	0.000529784673957941
Visa_mpagominimo_delta2/ccomisiones_mantenimiento	0.000300985718601473	0.000538511248037485	0.000817125514070722
ccallcenter_transacciones_delta1/cpayroll_trx	0.000297029324340539	0.000559031996954274	0.000457949463929745
kmes_+_cpayroll_trx	0.000281335934996689	0.000348842993915182	0.000628558087746709
mactivos_margen_delta2/cpayroll_trx	0.000268288052065625	0.00311187979568913	0.000826104915324246
Master_fechaalta_lag2/cpayroll_trx	0.000264695994164975	0.001237292028221	0.000457949463929745
cliente_antiguedad/cpayroll_trx	0.000258730675808376	0.00174022808916405	0.000538764075211465
mrentabilidad_lag1/cpayroll_trx	0.000255750464733459	0.00129304992796562	0.000439990661422696
Master_mpagominimo_delta2/kmes	0.000252817524276597	0.000322142997688738	0.000529784673957941
mactivos_margen_lag1/cpayroll_trx	0.000244219250049481	0.000492367906550561	0.000754269705296051
mtarjeta_master_consumo_lag2/cpayroll_trx	0.00024356278914263	0.00212348470522464	0.000251423235098684
mpayroll_delta1/cpayroll_trx	0.000243108947076664	0.000781201812117274	0.000502846470197367
mprestamos_personales_lag2/ctrx_quarter	0.000242758401481759	0.000519974897204267	0.000574681680225563
kmes_+_kmes	0.000239370096672548	0.000203303774637665	0.000431011260169172
ccomisiones_mantenimiento_delta2/ccomisiones_mantenimiento	0.000233623615138778	0.000348777612415058	0.000359176050140977
cpayroll_trx_+_cpayroll_trx	0.000224753984813127	1.69150287397008e-05	4.48970062676221e-05
cliente_antiguedad_+_cliente_antiguedad	0.000222021782053896	0.00156483178186152	0.00105058994666236
mtarjeta_master_consumo/cpayroll_trx	0.000207644632772032	0.00227250305496624	0.000439990661422696
ccomisiones_mantenimiento_delta1/cpayroll_trx	0.000202896202998171	0.000366940454040117	0.00030529964261983
kmes_+_ccomisiones_mantenimiento	0.000189455769209079	0.000615531350732221	0.000709372699028429
mpayroll/kmes	0.000186307357905305	0.0024238918318613	0.000431011260169172
mpayroll_sobre_edad_lag1/cliente_edad	0.000183197713799836	0.00093161960418069	0.00046692886518327
mpayroll_lag2/ctrx_quarter	0.000165143710588626	0.000714751950458651	0.000341217247633928
Master_mpagominimo/cpayroll_trx	0.000156898255072962	0.0037907143494995	0.000637537489000234
mpayroll_lag2	0.000156000785714996	0.00045533971994804	0.000242443833845159
mpayroll_sobre_edad_lag2/kmes	0.000152893220312675	0.00105208362706465	0.000152649821309915
ccomisiones_mantenimiento/cpayroll_trx	0.00014538147895855	0.000297100492045242	0.000188567426324013
Visa_mpagominimo_delta2/mpayroll_sobre_edad_lag2	0.000140710277901933	0.000438526936745768	0.000359176050140977
mpayroll_sobre_edad_lag1/cliente_antiguedad	0.000140539442822615	0.00228118210133386	0.000457949463929745
mactivos_margen_lag2/cpayroll_trx	0.000125319515652518	0.000249552143853512	0.000278361438859257
mpayroll_sobre_edad_lag1/ccomisiones_mantenimiento	0.000113044102060298	0.00130601424478289	0.00022448503133811
mpayroll_sobre_edad_lag2/ctrx_quarter	0.000113015929649096	0.00147236982082351	0.000413052457662123
mpayroll_lag1/cliente_edad	0.000107235302657299	0.00112041842346091	0.000341217247633928
Visa_mpagominimo_delta2/cpayroll_trx	0.000105167378401785	0.000743905144035518	0.000278361438859257
mpayroll_sobre_edad_lag2/ccomisiones_mantenimiento	0.00010098944049801	0.00138746150969352	0.000188567426324013
mpayroll_lag2/cpayroll_trx	9.9178304304501e-05	0.000295200950802258	0.000170608623816964
cpayroll_trx/ctrx_quarter	9.16241715462749e-05	0.000229758242464704	0.000215505630084586
ctarjeta_visa_transacciones_lag1/cpayroll_trx	9.06312616804897e-05	0.000405009875809517	0.000179588025070488
mtarjeta_visa_consumo_delta2/cpayroll_trx	8.38748004506951e-05	0.00255825777009623	0.000278361438859257
mpayroll/ctarjeta_visa_transacciones_delta2	7.44457882501742e-05	0.00266856331628529	0.000269382037605732
mpayroll_sobre_edad_lag2/cproductos	6.36172148480172e-05	0.000829860254715377	0.00022448503133811
Visa_mpagominimo_lag2/cpayroll_trx	5.83393102765837e-05	0.0010026816437896	0.000179588025070488
mpayroll_lag2/cliente_edad	5.66146114955923e-05	0.000416442596208977	0.000152649821309915
ccallcenter_transacciones_delta2/cpayroll_trx	5.34414383202874e-05	0.000257622585831667	0.000143670420056391
mtarjeta_visa_consumo_delta1/cpayroll_trx	3.76514040651355e-05	0.000834096141266007	0.000170608623816964
mpayroll_sobre_edad_lag1/kmes	2.7080731436825e-05	0.000381068422450035	0.000179588025070488
Master_mpagominimo_delta1/cpayroll_trx	2.10627453629754e-05	0.000108120134769996	8.08146112817197e-05
mtarjeta_master_consumo_delta2/cpayroll_trx	1.7011717505007e-05	0.000520170346156767	0.000152649821309915
cproductos_delta1/cpayroll_trx	6.23549253779127e-06	2.50696320105693e-05	7.18352100281953e-05
